939824
28530
544272
906142
436878
650274
538265
838106
271867
495307
686216
689865
24771
20413
879500
603461
190285
393177
975471
990646
923617
366705
575336
731004
207945
405755
58253
858869
301014
289010
811493
870443
782010
811978
407516
654941
913874
327758
282511
85352
326919
39831
845447
647314
851850
262187
661316
112563
950332
114159
959854
459585
776048
330954
314864
110134
106312
465112
852897
872352
756348
421768
135575
734021
870073
899219
878624
70640
133221
219097
166731
200477
152321
955354
596961
111420
357864
80077
278450
405733
876596
593185
640201
892569
439040
505165
751873
560241
101831
754902
460657
98662
301803
710877
261826
686908
214034
809058
32482
197899