69672
569157
877958
97850
812253
625442
438258
717406
314064
586931
647247
792639
923907
41259
624529
596840
772600
108110
424890
563705
168211
726949
697610
76531
125725
742299
832594
754915
233957
258872
251431
742569
923201
130167
558577
734181
852402
743365
523363
777085
716581
889945
726981
599180
42518
609131
932588
541610
524240
313746
594188
784660
528399
958653
7396
915768
652742
412109
769303
800544
640379
85454
862683
946936
542864
169425
809674
36797
157022
452647
837974
528709
60154
73916
804826
477797
35289
299981
395275
177922
228176
855111
786381
262071
819763
856574
115170
717920
786719
200454
134589
48001
116116
442802
492917
243671
207610
115175
790229
95416