558020
624603
644048
280041
307954
582320
278609
900540
970096
807911
18865
639140
156508
997442
401346
263191
563813
498555
360136
201630
351311
875354
841480
892924
902291
550967
542136
853753
222498
127564
928789
30218
608458
582966
27092
197726
209074
713032
92720
420807
766591
593484
387874
948355
649689
34583
174511
141543
590472
776520
406683
719911
38520
842845
39483
318916
735707
786033
640936
32978
748141
49046
210575
699813
896403
940875
44454
966872
57309
861402
992953
858233
828587
190033
576482
446868
428139
74714
475607
257370
361216
229305
867742
65518
896638
764962
435291
870669
580882
743861
156618
509399
899135
882583
792519
913342
132931
541422
161098
468554