55915
422169
57553
130731
301646
305575
620057
229243
403650
855353
115355
851726
283224
511297
112835
777140
55092
273871
629469
32288
338988
965960
683649
862907
250056
728645
464874
919684
284393
904138
452837
395809
952903
938209
5925
315975
54995
934674
446195
498435
444411
385602
342530
92963
674636
121894
441377
798083
821297
944930
50953
915447
889817
116674
826390
997458
115703
51475
846163
857553
920419
997343
732654
860584
252062
426756
334026
109094
24050
804208
66291
769223
435128
479675
67565
817238
445363
793569
221669
221053
994906
212443
673033
26283
77363
398616
101747
313312
409883
102365
809024
331288
191586
204598
88127
178193
621459
775831
402949
543931