498577
557461
472670
911484
662428
610554
635102
890717
338547
866504
484117
20436
457044
371213
712352
169198
927839
284063
744348
280409
108376
922229
717110
529419
404939
171426
501150
524883
448970
752431
162714
479994
505106
249299
746679
783701
55436
564177
562842
306602
19375
491887
28084
68157
27330
220814
278228
173494
787647
473707
442454
756848
691604
422577
994361
506208
712771
513208
681103
832224
911017
853790
964813
192791
868699
917952
982850
285255
135660
407830
691877
560499
988939
235816
577351
66731
336649
302961
133159
567093
36409
335183
640804
861658
309040
599715
310221
568970
669996
178251
751316
920172
568465
689913
928162
210119
176206
838640
111556
841414