847916
110649
396158
134891
169782
220866
197483
576847
20201
806682
966203
99729
443592
376368
874745
523649
346019
323414
995420
461857
808257
536348
360069
103949
812008
773275
345301
211029
46987
672654
800232
659243
423633
807066
830833
811768
993854
68718
805106
182345
710912
198213
398681
914598
154072
947592
304818
681859
37475
318417
774157
628240
621892
337803
211757
171755
700976
942325
264362
911349
451606
219141
529828
751810
391145
239593
961700
130794
395595
179048
868560
320316
262360
889639
660491
601107
10827
293640
110439
679168
802705
922093
59336
880614
520936
808091
416406
379109
868596
896633
593502
807150
654686
849143
928198
573046
350441
41803
943019
637958
792787
974934
397337
140014
905892
335077
958886
945818
99030
527060
821611
36220
836640
635406
63136
202729
286049
157871
580627
518720
189414
360202
87749
69381
422232
280006
978401
27788
487045
999843
174106
971088
442057
971035
450655
937251
926232
397347
202878
132928
994347
624784
349202
772988
412933
23703
472106
125083
996321
477549
824568
9919
263738
269709
546611
360955
194806
51864
162570
682822
282736
750102
694980
53899
436321
389402
824185
355933
760298
456900
108070
100552
13568
687776
943025
986179
70068
122028
870906
705153
111838
489720
42778
251686
724197
230501
813627
615191
868206
981583
82772
197162
1503
229511
11711
232445
467983
131193
95032
426146
721484
225197
137396
595000
473672
541097
848988
247701
927264
267763
244644
739167
62090
757363
910605
264890
234907
90103
770163
932187
191859
311697
266323
509691
12678
973147
322205
514024
99719
75035
185074
17078
385586
938945
274299
377426
119414
899853
210917
918838
388350
880397
490940
881848
827355
795268
345251
620286
474128
508775
196078
884044
919225
877888
923164
329790
889304
648118
622644
519569
350077
18724
995130
355419
929234
997157
148174
546715
75713
875569
24290
220075
132034
152288
945174
579474
640388
22734
261426
655734
358583
909208
624639
970734
706740
356994
240514
254518
343690
918394
181654
283772
106790
431223
910309
827799
868318
691644
959555
14743
419482
48441
981799
412855
170015
588432
431814
845487
582969
135861
232590
44582
153157
161646
227836
419397
52184
49914
342170
286887
741968
545934
25945
572460
502069
76922
376198
783277
330698
314923
241196
745033
629110
363657
207303
540766
773258
38976
845280
849428
204655
353821
479498
169619
502125
713550
81463
297813
47002
908556
203319
915285
717469
953556
662863
80423
181022
672208
444338
365153
310668
812501
549726
463927
431370
593606
430678
864421
171767
162517
224183
995589
618136
568361
862458
848192
665892
101852
878853
873185
815212
868763
680942
692101
814054
795185
814413
760943
852181
61469
323132
532152
875926
394335
280622
200547
395144
107794
665513
888462
933209
284019
355105
36997
263978
883647
971954
699377
228318
197179
220602
670638
86404
525389
467026
759034
581086
635016
2663
421321
829262
425413
381688
854197
356316
657964
577262
331986
791782
855826
647827
951456
500581
69052
484208
457113
955735
993922
353800
58539
656719
994191
156714
973248
37077
146053
837239
420664
796475
215805
48497
966456
338685
459756
642747
850396
968724
121761
846963
424584
398487
461866
973864
87772
245198
886999
329466
756037
561749
49622
447117
17584
38122
35773
435561
440026
749715
27047
642546
697412
690415
574453
421758
941122
367383
167990
826648
199729
5488
335265
789329
96776
535632
15807
835389
870600
5770
277990
462353
389965