373202
629494
935734
125557
593636
90084
414886
886103
642005
166231
85823
973049
796785
325512
329031
341933
667320
499095
516587
805696
355852
473244
555902
817620
277573
48011
724769
159323
806242
954051
714429
269362
109019
234739
232365
627159
975186
27753
669241
229449
756199
868665
313469
288315
602794
76294
447273
702388
496556
742896
44897
899846
592494
524442
572805
102632
186043
651478
511115
750643
982098
43120
473095
748854
540603
224148
554764
323958
541114
455708
117869
656965
259681
106042
142365
279677
663040
725887
830772
433113
407608
189382
392914
160625
482350
913279
1694
259857
130843
81947
373224
797108
577727
33489
13549
272994
919925
39948
276344
568867
552738
868337
466341
776351
616839
770320
236481
793108
271158
816422
685325
403250
513890
446156
276962
577750
711183
846529
686702
623457
550760
515791
739100
305461
419695
393052
951058
718667
699023
360847
233108
739188
828621
253724
991493
88042
716765
703854
537870
720402
609937
680304
29015
60753
501612
611512
660083
351944
221205
152273
429336
396909
875879
556964
517259
783111
416357
938498
971226
761094
541195
813073
249219
913276
460543
936400
663603
676604
377575
595208
285032
44046
112084
141777
570743
568780
546779
253886
86378
848860
681796
95462
737409
811401
606364
460624
465177
256448
570981
20026
425642
238821
801262
108102
35691
180880
572541
641090
826704
849896
82280
126098
552435
431385
77507
362044
360337
1717
670259
466896
546795
795941
717601
128754
872204
390346
75467
700805
590059
199924
122292
334966
759334
259965
321724
447010
622254
681795
806346
624293
695234
271617
622629
398720
144212
348874
641762
798694
977864
277281
50744
283939
945242
954615
406895
869546
680990
741697
540471
500089
3619
659894
390741
79467
93617
850018
247032
162354
245482
366250
157678
343405
172445
588962
483399
263725
19954
615478
275971
298304
795428
37421
939436
128859
420967
439219
430529
244123
234373
827045
736031
940006
994906
784908
663692
509936
144680
604711
754721
754970
340760
208609
399441
543604
538190
153570
475546
249891
190439
995074
587590
958942
362386
604183
849374
518610
303624
641391
943724
758438
555305
850585
580652
64217
105077
62686
895887
103558
222371
969998
826731
155913
528353
405236
748290
64828
860201
732779
25772
991259
351996
377162
759460
304006
690687
725562
176877
754980
742702
195497
438047
366051
150593
240023
327378
558110
114394
621774
148197
869080
481767
766510
170028
473253
256218
971558
519988
434600
862786
524287
830259
21303
773126
207762
459409
613787
733374
521242
698829
460339
626094
545380
492110
55927
96352
289571
173063
431514
574813
241184
860549
61449
659016
363022
880536
333969
190422
548539
106523
546461
792877
243363
823202
160668
857432
255327
354240
229249
594213
707835
806578
663588
712220
191333
175148
59910
853660
463872
318269
676338
606931
172184
804257
650430
808217
577329
221219
485681
856106
483960
490541
665534
203070
414171
35182
324271
956551
467636
195558
961117
821127
688416
193233
563483
548235
591534
730477
386931
871431
296499
637098
31304
144207
745659
3822
119771
19696
656090
820482
255145
846697
702048
275100
508592
231497
827242
833481
71570
994022
85205
16439
492563
726583
178254
289500
183165
49423
369925
128839
851683
204214
874560
887297
204162
532006
394316
320351
810755
617887
530958
555431
187100
277799
70583
970589
525975
22242
421270
893737
92779
994761
622215
278886
517318
574858
788425
288009
297964
102973
859758