113530
729916
553863
693418
819410
115442
925618
730227
584173
716208
695599
893608
517717
759497
56430
840150
637789
971974
287030
269319
282179
499359
83857
449744
989614
349717
878568
279096
537174
410927
750185
158656
449026
256591
469348
82324
42157
443887
630005
810892
331906
66494
727708
957535
873799
843729
288041
340581
376790
661896
192978
387846
906373
390590
673511
200773
149095
916716
131996
452131
136812
256091
79109
75633
903779
633859
42593
825013
851616
695301
132685
474360
624121
129666
289434
560363
216810
530902
72248
892915
201240
618869
228113
73176
515123
302560
83122
958085
549748
568771
779236
848125
700038
927726
273177
363355
785281
895406
986114
709571
186065
358023
516797
684459
485045
200209
887468
875712
650531
424365
700513
446390
178890
227746
819253
450863
184303
568535
586360
249543
877113
440687
634946
162810
369480
342141
218344
947
305151
443042
72459
348529
442274
401738
698250
889944
257435
81279
285015
116498
612055
524072
763943
332768
960269
460067
477187
372097
147231
545914
303676
239997
446617
911108
881595
834766
292758
278363
986550
383340
964545
351157
747711
568116
968825
790817
558327
460468
553294
610400
42591
751381
32168
261726
590351
429029
565384
903691
791871
290817
20134
975643
245442
908572
286200
229462
111571
645614
56340
93276
819272
702907
497708
618937
525603
917822
753529
63329
234696
880562
100083
81288
242184
502462
739772
909664
726107
967931
435932
963952
144557
99363
517799
121614
802639
371223
312379
524409
619790
808844
946918
583317
543137
71892
566436
79491
387707
140229
210309
946460
894401
443464
936813
983499
103894
931455
819446
719812
819089
247700
723824
625317
166096
377051
649032
621159
655846
90403
432774
550080
361584
681566
356976
479833
904709
774634
78092
256743
251659
146683
709251
299241
665254
506727
505633
514300
720524
774414
598585
952734
611828
525094
966333
363117
917405
467692
533755
262603
99188
513148
428289
899452
546647
788950
836285
690168
678834
189129
199353
576279
502294
526230
862745
500156
25670
511539
212145
331823
930334
685803
120385
368457
980193
219298
267790
941320
184669
852598
649885
985091
661565
81602
579471
244023
370603
363324
722068
280511
292959
513918
425933
649186
449481
215586
984770
716166
1431
226630
296957
36803
231011
89839
151681
830099
368317
237961
743338
476517
728848
195852
128930
25104
12595
315515
551485
134821
795406
598278
488050
540701
597159
437328
330935
200625
891784
336971
86584
48265
592399
627902
295539
78412
250322
487848
640947
120406
141804
618367
445094
102920
333801
799889
233693
450296
371210
536716
651617
149833
73333
791385
920492
627990
775036
599906
152779
928712
399880
572532
587790
763399
369185
881472
308392
246157
509213
894332
248106
728598
840676
273831
373463
614580
640220
470377
393955
445951
712757
734680
992781
836649
555858
869079
770454
101487
980562
166681
886300
318187
243259
296387
187736
805574
585795
627632
496240
654860
687418
126606
469178
344536
456919
598373
82063
149486
665181
595832
497479
723431
650665
114308
728470
574279
838171
478437
236994
499946
907743
588696
371904
854237
378711
403611
408811
99338
692454
775857
306080
157707
100060
670914
140280
967519
949433
951390
101347
106938
116704
677794
411933
605110
725018
508211
767312
38312
490435
841064
923974
737166
297301
213572
198217
46180
13518
656928
176154
786197
184769
518887
367882
266255
442615
697915
893687
154543
403391
280502
857318
876507
153945
413131