196248
295903
976983
881799
962532
416041
972555
165442
874803
671575
194390
861344
715438
942932
602852
269353
694606
977351
335332
944889
909924
915985
64283
678040
981699
753907
937702
461542
397515
559757
277578
393141
883602
199617
27193
883185
967984
482614
509284
824186
74087
662969
360119
16786
317165
45565
681270
579954
13080
599683
238322
503415
366309
516117
570535
823994
573093
658156
244085
190397
607365
767153
430393
489536
666488
414112
829320
212276
969091
437833
492360
322887
85029
138225
519274
598366
316768
501781
481927
539809
685096
248206
715094
868207
858727
461008
200200
58418
845099
10508
124992
406926
639085
18998
927346
788915
867071
101665
970263
371859
90769
351813
175434
988013
919327
309347
795522
495622
712379
206975
510189
577081
686066
370252
113893
386406
178974
604966
334673
173318
259592
447609
46235
281055
364599
315711
939337
652498
243033
257254
381499
365522
707469
976335
359168
711663
911563
970547
116756
480592
739377
884256
326586
514112
601259
997537
270706
374815
17789
440572
234904
6841
892144
388629
531097
424115
90647
764272
144210
593953
682172
291860
426694
626357
436652
905162
936124
862483
320156
765829
518131
876415
637047
999835
354691
400888
809989
579698
91858
731934
341625
392630
205615
759118
418455
996294
628750
393102
480704
684910
431905
251876
373595
68047
411279
362241
468578
633307
139027
343771
196678
893373
371380
12568
255872
431061
955164
29286
788406
141025
880408
484647
918150
431031
719339
555146
429361
543726
885519
565045
410471
694173
819017
593822
66539
809531
66472
543161
170466
28134
848665
580235
905598
374079
791658
273950
18369
981746
580121
615181
468912
312915
828056
749759
725399
384612
150880
512880
914355
732723
593519
927083
244031
186080
758624
962900
191326
979389
226341
919585
706849
921422
350435
717353
363318
534895
839849
681877
73390
617429
677326
324851
881705
525996
930727
113833
346145
410400
602402
123782
851663
966904
91203
654900
978173
658844
12344
486730
198761
352375
512026
166526
287123
891255
601475
585848
542116
441841
680390
872705
771259
96994
511183
420186
820244
947153
357080
493289
376727
778320
338949
236686
803323
92640
857630
155924
807381
119540
81190
845316
147201
219406
823452
960531
945643
648518
266573
976891
915387
867945
887380
641063
881435
742462
27888
150087
592614
837860
371520
380100
272046
909399
798237
92493
584106
62161
756756
417232
204154
752589
551487
852229
24409
237095
191039
698724
47134
416991
526295
715127
462127
603324
124456
527882
712771
219597
343045
326078
58449
912138
742834
149501
172314
565914
112766
707463
66256
64430
428282
785515
223778
84426
614037
911058
964261
893092
16661
830646
291936
48869
523060
911600
547316
940428
71061
744110
910886
907634
404257
193154
169995
730280
543811
8024
165967
778684
820668
725568
443617
127259
861219
535401
938878
608208
949309
703407
936601
230954
609204
635915
864804
650236
481336
112617
198014
599550
271535
786391
60025
665361
890650
952153
667910
673952
665413
814233
181504
122530
88874
554043
696977
638139
179428
935247
65733
675778
785867
948384
528169
445534
723824
98345
148959
425609
211062
726631
935234
25719
616139
937482
158256
931599
25730
995589
444728
277208
976655
376261
602913
565359
575966
66110
937045
303604
577168
35872
687657
13189
775763
230121
229386
901410
330396
454804
583685
967024
572612
85423
936114
315161
293948
262410
217278
509456
823406
893131
481300
269682
878898
589343