766970
429487
734843
846282
774479
880399
633982
718466
168886
285724
893288
905152
297805
231746
576406
841974
626553
135789
407110
242296
647171
606619
604543
191391
151180
58637
994077
657104
925294
702167
105917
841367
385457
371159
379201
104236
940135
494722
947648
204952
328933
505370
205901
479473
3550
871100
361314
858497
822941
357269
626922
267589
719198
784501
718568
513745
265674
802875
275015
48209
647950
227184
308798
331562
687447
809904
687263
244030
132844
547843
904573
566607
955495
432715
371384
633467
569169
6997
448103
169189
345241
248977
448800
105268
397105
80735
991206
764597
618374
931903
688816
935580
219226
854059
163410
895848
932607
951105
11915
535140
467185
432023
759274
907785
474897
879091
269085
788097
862970
247379
328791
668102
237762
101158
146653
763433
899919
294046
540014
994415
831507
329949
467725
654806
648869
268876
278572
597237
729725
577035
361399
96641
60108
743554
608569
949100
692150
55126
539375
842471
362221
914104
457896
841288
349291
855191
721173
278919
858187
414325
659251
662179
485637
634583
207825
163426
578373
649878
220160
447605
737510
631251
490711
558521
201488
4680
392096
600218
833706
307257
669411
809682
902526
648713
763020
26896
480681
712104
6203
271283
990267
639338
26857
529845
436209
149683
767538
849125
559308
236687
960515
818188
567053
704926
618464
140017
327888
345132
97490
160505
413186
544479
816236
912678
276865
831497
275769
287616
408783
964894
435012
588497
903665
574783
888900
284489
634666
803189
552353
512258
150351
838457
351783
823902
620871
585199
838086
749069
926881
172531
486915
216363
87058
195276
665023
627270
458825
359486
141154
415293
397745
632956
208292
688067
828675
294137
119928
564547
65156
473247
411285
192222
509410
382553
914082
416400
839271
91019
965181
531504
81048
155233
315688
297238
464109
887493
639120
87063
740908
205034
296380
195051
325028
967494
416398
979056
248131
65500
744441
262791
669460
522679
952256
749916
288089
983923
484070
91204
546817
454644
883000
957695
73351
612282
817523
679260
741351
691085
14419
402812
562428
366034
397305
539950
974651
177280
334392
317754
524870
552684
497788
200697
387502
87360
600023
359457
955848
244298
760105
114271
238826
88752
193260
260829
632195
281218
452954
947555
875476
985704
516347
507225
154383
178490
61454
630443
396106
58095
220371
660485
39776
68844
168307
497790
120677
572926
425869
527057
73667
301027
289566
297221
853493
801091
626700
125231
656096
689212
87887
673486
97097
956570
723069
234324
873911
889894
391408
826244
430502
391573
384726
804662
680357
271650
44308
541304
974285
36214
817943
313487
382942
654786
254650
644827
533111
427439
144525
431960
127090
91373
886280
883264
960538
747880
984012
571406
453833
176729
553106
517598
302371
633273
599154
607089
872617
525456
142290
421900
324666
546091
890665
403839
778476
550699
667631
263747
969027
944826
250531
32445
52812
626841
83896
641503
671001
179093
660957
47470
360026
439128
961576
879774
829651
951900
456478
68505
577919
705018
89057
551454
100033
657953
636663
348166
874691
785506
946355
947299
6766
970343
92226
383169
15556
205572
574292
491534
947293
151462
884452
745174
580220
425191
808998
985190
797453
41412
390348
313618
669629
51750
654262
812307
467766
802204
46708
329288
128886
35434
415544
119581
514763
223867
641821
306505
782701
351281
761422
330801
809079
101085
600084
678186
520643
214218
265600
335132
884578
800628
292913
208449