998227
545519
273048
547446
608947
184582
183324
620218
308150
988085
588628
734920
144311
813484
193109
50520
917020
694369
530881
695003
896924
340967
510420
382829
545952
722538
576222
166743
923591
986949
579979
410941
853636
315520
858846
235562
753250
593513
362748
220278
289896
251789
479461
263954
104664
648660
68925
320432
732817
276790
151176
41297
83604
264798
397813
750444
525347
543833
312465
956856
104773
532283
300956
399447
758503
485390
122169
146207
794781
734648
494462
646917
709509
771816
188524
159016
329932
763772
147832
16888
828298
849971
779400
523073
116873
613770
774329
141336
221795
853173
588637
935264
808777
1531
47554
264889
396704
42030
409837
82119
430277
882246
796902
307162
635186
879258
65325
475007
36088
278458
548170
102882
102124
36715
432194
787486
773982
3072
721318
865315
82308
338065
588741
198979
357366
177371
568961
98073
259283
807220
914623
149142
612673
950313
131576
618601
886673
838134
926253
761354
991744
110752
485367
667940
692121
861939
296956
531933
297273
551060
282110
186499
154475
625218
102477
886356
413617
659885
968413
52202
5348
158642
636402
412033
407474
626355
136823
281511
337351
341648
170862
765119
513863
740868
550722
956017
838583
88286
821241
797041
152699
301017
511045
711531
556154
480027
438457
282440
741214
588743
49561
317344
197815
59263
904458
1916
925375
709369
784168
91270
117816
755708
862071
566800
327986
905528
848241
816637
313448
796416
201533
33168
441162
848869
717889
287119
11926
173296
172238
424147
84703
519675
875450
970799
861488
431212
751819
286395
942090
106447
524239
418428
855240
688015
577481
734065
969380
997393
91078
360700
640850
533550
627661
682219
96906
140683
689076
403427
649059
495382
85455
783592
43355
491422
125316
419403
866931
256271
14266
105777
751031
419145
306224
843515
10459
140893
969898
973591
597761
911396
72389
72227
948952
288443
573740
114745
91550
770462
169763
41371
278469
708640
619649
647484
745844
926852
278459
135977
136676
504508
183258
6547
932139
253883
637838
910457
570966
538745
968157
702710
934702
694275
481332
641124
96797
903803
779358
951532
425195
800563
224594
123884
33313
408930
939430
25603
969486
77377
432418
405948
160871
469381
499888
991892
902601
89401
486127
903913
390683
470071
138086
602818
451087
510211
806037
637429
948807
995011
211879
387641
253972
533343
891973
894729
361753
161905
477636
124528
962190
366953
177150
531639
917025
702080
835454
433001
89398
900951
316885
523200
983759
75180
847305
674350
324423
442359
901869
521033
858873
240871
398860
868243
190206
968948
717055
384933
410066
597409
606174
63032
290712
664912
907283
432272
452020
934081
198602
817542
178070
276137
491269
867568
899735
311979
942987
757167
64443
159541
130304
976532
851159
17146
610768
152431
255372
50823
676357
741366
407089
762308
337913
21903
391631
138250
190373
767035
515397
213403
643543
789726
885196
869250
604802
769007
454613
900168
815215
552504
490319
804368
359314
969098
592260
663760
897463
859649
5667
211820
817563
224687
791832
964145
605208
119080
599575
934634
736760
839402
789496
865570
837546
896742
774397
314552
379793
181679
690479
398232
907898
12222
278053
942747
854502
838048
347494
996669
40390
887741
375782
93559
356357
618501
760685
905913
20415
751928
492629
895814
810959
188050
138162
733675
931397
724882
79692
412637
467447
206310
625607
802222
197038
360437
343140
120364
580802
431560
924768
838934
809472
215510