799677
83938
326031
787810
999281
179222
904984
710901
292615
743619
52889
413064
817110
218837
430821
658657
520795
351901
321635
150351
873944
974982
944059
169208
839322
852847
79403
734334
871124
522538
591414
192142
666151
287953
166203
454533
491203
129727
861283
914558
249319
934898
418036
394748
232772
324859
404611
259633
520768
846815
683654
849385
194710
26382
359687
493654
575322
787453
780789
45624
452250
369314
189845
389352
28832
23756
470997
353474
716821
231900
280769
297773
640256
459747
498319
556617
393451
450266
691092
568243
93926
954168
295450
712823
668133
978932
232457
589011
379524
945751
955585
347172
449579
615036
576522
991728
776397
819496
877027
285583
245962
132032
504887
291830
753461
824299
111149
383009
652847
58757
229214
919709
337202
710780
255906
24303
638570
878347
43843
189604
927933
279761
120403
627894
113772
769421
739930
4824
738385
184632
480807
7007
348936
966207
246535
363789
841067
924764
496084
422586
514741
603728
47332
878945
611464
372031
272099
493252
310793
957032
320315
28285
308457
756991
731695
748195
279231
665320
976583
687509
85329
600210
817574
51046
788338
702958
965559
273061
428549
2059
464902
326023
275615
721040
92459
34099
670795
391509
736673
636138
157799
512158
348788
487506
116971
360372
331993
383773
386058
759202
499991
250330
15088
665161
21731
362328
663852
668640
712459
326962
567656
995148
430408
134844
377747
650968
897782
744329
145119
9361
439519
971670
794662
124801
904179
832854
884327
423238
700500
705946
246895
949965
405966
666460
107475
205872
41572
713961
44954
317482
306053
89642
552823
453171
114270
366989
312691
827389
535945
707541
431209
642121
688290
739066
583531
707238
894394
894781
354115
975751
331621
213261
424403
854144
212847
238927
932382
639901
133739
518670
238367
471775
364907
926463
515863
493460
264395
837167
718885
434514
828840
253451
773517
750415
644975
77452
253723
244128
180943
816445
476896
295564
15952
37994
98907
632140
143613
411239
391604
753890
862909
422906
327073
35667
287168
34470
869675
285635
600405
659476
160459
196267
39384
234592
465966
802489
973191
630206
540376
976324
669814
896904
255204
633449
847321
567461
513961
205448
564671
752535
830521
702933
413918
713184
762307
564635
986057
857362
924568
934419
670526
181042
903947
747677
623579
479112
145457
519385
185201
512326
34439
278565
94321
336915
854067
12339
717827
56562
264931
541253
133814
218836
301714
973192
409106
505398
456041
373962
606472
339384
510210
117466
518347
934396
990663
42683
529976
874231
140921
634180
914096
382615
404045
881687
199046
727249
496880
717692
689876
489734
361708
975193
137576
105169
114786
533264
70812
811760
148471
921141
62659
210892
999116
507434
162879
586278
888741
572890
108464
527840
528555
743566
271239
264422
474380
919535
935864
857847
241280
443033
921614
466836
519975
856215
890584
241091
185294
465153
241921
456128
923153
243631
942526
661889
786714
367321
19296
454244
179207
975565
566473
44408
693546
411851
743355
503909
580842
705920
159180
720441
376838
28701
567478
305743
226618
360404
102282
426142
440954
816687
431429
154395
29851
317709
298427
301964
591185
577209
518512
405227
599699
903528
936390
911731
597979
334607
527696
25929
198921
434399
849604
930122
833575
437534
101327
652525
582728
175971
593091
526933
92361
384494
169004
123126
240569
178337
870016
737121
889749
317919
700148
420013
540460
480512
655787
903876
71585
532718
21321
145671
625359
26335
255078
340383
663239
774703
581983
955489
437108
259097
977926
363229
124512
234769
286457
820548
644111
770818
546384
851251
396745
538911
69744
474272
734454
305832
207933
274848
743265
344443
264812
677906
125343
483540
174902
946284
564105
511779
472168
766944
650212
493641
313623
804714
38370
638254
606321
84985
843009
916289
325679
188151
456146
213901
847591
634551
112340
175349
276990
255866
609919
480588
892923
634718
843548
258387
30390
660964
445841
402128
850799
941532
812091
421703
615611
558639
166068
259352
557336
699977
138036
878196
546722
587233
861395
929789
481823
470822
786156
835386
996212
23239
631582
73908
686843
318943
50412
742959
692908
765820
939780
887944
629624
760395
607133
427112
887540
233569
981433
243106
164338
964392
213194
369647
134444
821668
524273
99779
102170
134945
648801
936587
776227
871739
29282
46342
633391
809866
184946
841085
33115
750376
210885
362144
679558
886495
952941
924351
569224
577652
886038
170785
448707
16266
644776
900101
568273
170101
152847
91571
237981
755676
618583
471677
160910
342218
158256
117655
938653
459089
879953
430480
743943
342171
486201
405548
575838
245774
367761
516768
334011
960283
957870
717098
719566
63524
492658
79306
282582
761864
294802
45152
444203
630412
532274
962211
747001
169191
436716
582843
679367
844074
5807
71293
401141
409994
434052
231745
540293
706763
791916
611168
467983
642763
175526
241423
824600
721257
781069
875027
437246
535632
840797
23904
158922
537251
232278
227346
680360
535495
915385
730951
990514
986567
958255
670167
732136
89832
841481
819825
165948
267787
376162
197907
49546
128824
670433
244197
258917
968460
414427
311667
669325
422530
376853
855301
83324
941911
655143
189021
699615
277725
33403
32653
79970
839390
284917
645426
220580
751467
495277
607632
855114
493568
756759
793036
129071
885909
421892
528384
651769
145924
80769
540926
469575
593617
62173
304933
695110
357659
663241
389977
240099
300638
818775
518306
557339
907298
137573
276707
919214
187780
524755
938292
876273
426719
42735
774879
388803
695383
947442
840564
242136
991810
106596
320649
154545
480883
806938
521874
251628
600099
492256
548184
601527
975038
856945
343001
106208
939976
95843
39357
918536
677418
882720
518192
814327
846749
544590
849952
90249
275378
952400
217109
150405
234747
233894
578280
143374
313561
8240
719265
606322
64163
392784
340465
208672
326384
736620
607496
692598
635202
234898
927060
252729
753807
706423
693656
508830
905837
698840
266148
148997
114329
40130
260918
671621
871780
348588
702637
568546
42426
4226
642598
802331
26768
756925
640757
870368
527017
780077
333442
443873
636166
80920
955453
846914
782120
431165
673663
934635
112131
962929
802431
497019
60801
799723
188653
881180
389359
712923
371246
838513
648584
249908
338613
577516
520732
53451
20283
98813
826269
570839
145434
867621
571654
875992
621260
418025
889769
751189
87610
152289
787923
193405
22148
441583
509533
405359
808525
680333
87442
567509
818559
952512
872952
80363
646498
228393
521789
764318
251412
623418
784192
962063
270886
708294
553912
698038
960659
417008
57669
300516
521822
553669
842641
59873
655687
958822
56355
305651
654121
735902
993792
753664
476211
316306
879294
613835
506049
156566
870374
613402
40726
736028
361413
431352
83192
889095
39503
792086
628584
859230
114097
730125
874749
726428
406258
523967
344860
885795
69444
679387
630550
376145
815981
803519
54174
891883
305229