381580
275674
217907
483084
123261
404962
115448
120086
41
517229
698599
865447
94761
60595
226614
125090
340841
484953
35522
281238
567155
517301
94115
897231
766742
605485
311083
376265
980723
381245
314428
220352
208355
618454
393987
554595
478536
375716
667221
876199
388399
38760
249636
904055
349855
457156
32541
359816
116225
531990
216098
157643
973867
621563
386655
139580
964683
626037
83595
892056
621484
338279
734333
826667
111848
908861
619048
749127
657003
734888
449077
898896
571807
457095
778236
515701
244665
453281
957086
823545
732064
155599
969281
234991
555829
785335
435817
823492
256451
573299
512048
25782
218948
492175
332706
333987
452622
706673
138359
546748
795865
613652
6253
461976
978733
324908
175170
764197
873772
715246
636427
846009
445305
347496
397748
421831
364804
143499
547925
829804
623284
877961
131436
830377
914479
797657
768509
643116
637769
330328
516035
763015
284102
525001
827985
317570
774030
695229
468490
953099
104428
888782
341753
56524
570370
470725
362190
665173
989069
191835
5558
997048
884625
901789
314966
65588
496545
214184
378979
354633
983117
191892
647264
813803
687976
373230
464373
665425
59956
297757
419945
429484
547629
680741
920636
12917
852463
224394
784548
118111
759812
695180
894114
166060
240718
186897
282815
187676
548557
227617
853928
723583
873038
310667
111587
573996
252081
696228
625453
93834
68437
845615
123378
293131
896482
739864
218024
884729
623858
690651
359433
26920
51164
411906
519851
681612
808159
771787
532861
821091
318568
74599
646112
604754
508736
328991
772576
957390
790101
176786
160909
44721
570020
181657
994106
749
766143
660235
267729
481564
386880
787484
670289
151797
259082
794784
226662
27483
144952
668782
82340
355855
543206
993247
990303
352390
470488
255734
783977
868438
445450
648345
858473
217674
339476
169662
858388
391956
548218
332897
898123
237602
467278
123889
262801
488841
521026
89931
837031
533022
801230
22685
647814
510564
222394
111149
338297
357663
835657
515762
744148
326151
998210
559072
286484
367320
321756
908737
917525
355590
701317
969215
493866
992206
323215
809918
123037
296744
467319
346726
40771
245849
375828
849086
505274
119204
406809
457780
722753
605984
143366
374265
806005
312677
238193
642953
873380
268576
919981
561800
877456
492614
56084
374280
819010
275749
859255
348967
112839
202710
746014
374869
858892
745231
533118
904820
517457
301845
295862
65176
635085
610446
398597
765165
33375
408501
400653
434744
998635
846310
369340
638070
854873
262745
458269
408416
512486
522347
781498
805072
809957
449560
95787
612414
637014
801478
591104
785251
743201
793722
250310
127614
799472
110381
890234
683700
32998
701369
569992
541010
386047
87342
233022
373295
416133
578626
655186
280493
481452
526180
88524
536094
723659
640305
774097
875522
466743
263424
69774
55598
115902
305368
951869
896713
977277
113345
630295
244721
832926
932791
695190
238651
541170
214971
663910
465878
588903
720197
840359
931216
97830
471892
119841
783667
111308
820133
886213
117320
783746
439106
810716
576379
253051
975729
288143
53790
667593
55054
58065
756104
330909
238387
56877
829526
392985
867859
559399
74257
810388
860134
957906
346352
260009
339390
125678
894452
490556
23161
134907
454001
779339
220879
958878
477357
982060
339979
90223
268577
772776
466263
816349
941532
145780
452847
895167
904327
496072
286712
129144
555715
946399
295018
730501
861807
806793
588391
426982
201925
752496
960368
987366
363556
86885
89261
646409
227496
833638
873961
242770
267893
807279
143137
341678
80275
104249
845233
391040
166323
469715
472623
839562
917392
665244
385683
414388
914993
182043
897235
194876
186635
650299
401230
746427
955523
248998
926622
473232
837072
702396
151440
163115
737855
424304
406320
624760
910800
875967
804413
939301
360574
95630
222395
640466
204956
980576
203304
728917
369819
625
763206
173158
329704
176241
598423
71726
511474
877792
709607
755111
835657
252994
447171
554735
474402
518464
863495
72303
516791
949659
667413
644258
181259
423693
782690
281029
374539
181758
721130
611226
706192
446815
444548
151064
564929
895975
406224
339762
194646
726760
44108
437634
636983
650125
985478
627858
47234
744370
129836
702599
264428
855648
850751
172395
251775
699812
799398
777045
233153
704266
940895
629111
848565
992251
862096
346372
587643
302000
958332
2940
317714
357586
964497
843093
294142
746608
314525
529031
679365
996764
215457
926133
401939
827555
706430
409523
664701
334502
402188
418488
927778
100185
885002
55521
760878
429976
908015
891615
696760
862753
490335
238463
943243
783986
738937
730453
739778
111680
999053
270532
91020
822929
838059
45483
128656
95927
164566
729647
78186
13737
35224
59169
757650
465087
621487
862860
745950
260746
648741
459550
559006
287117
368765
727024
525925
677788
808137
893876
220391
353872
733145
836026
140926
378404
271758
536479
326343
621040
2572
846290
241385
14015
102925
913988
313205
285135
154771
699052
60329
977188
935030
409972
891855
968201
519515
492419
273027
552036
730181
819624
346449
414901
607941
335136
850172
184171
768269
303364
858140
523043
97187
177426
272543
110654
132977
540182
807408
387741
283768
299764
619124
987643
906213
428629
101361
28072
324476
616236
644745
957278
905969
299748
336613
641794
315734
850600
772525
557944
546989
944142
882611
467619
106847
662048
751663
690296
852486
391561
151973
312446
391205
947801
630755
183140
385207
400053
2214
156222
721316
366302
154524
269342
630864
587804
779653
764619
639822
170822
230963
781537
128499
891825
800816
101828
235012
253875
82174
972994
846801
654867
389497
654533
585819
852303
223577
947825
684080
223432
198356
565344
836888
167502
564000
457591
25064
995012
721302
750565
168179
927600
867954
458680
400480
951393
251191
576283
423831
833981
183535
824048
661
11942
321424
959686
521056
993353
35131
426999
431188
215235
291101
60961
954587
215279
90488
346559
257467
577488
170684
14563
940041
553816
160079
543506
674235
974291
737452
666556
112411
251507
387431
838934
201880
167672
877455
558678
272311
17212
858668
238602
547238
102040
682407
908246
237361
604470
9097
439816
164622
296629
931676
440857
349010
548210
664621
657603
146566
248762
722547
817401
941781
816008
795722
501640
49372
467260
327960
953096
86884
15195
637840
344190
406444
116477
591189
878098
529950
813399
554806
753575
195876
590693
984664
375580
299220
625524
714161
561375
32135
962313
388336
884329
959047
401522
776571
452570
634406
730215
721488
592049
643436
320475
133133
494183
662952
36197
893707
247017
302311
252358
964452
147121
171843
164822
997013
881216
781522
239120
908543
848570
133888
92598
475784
314333
899063
551330
307870
960671
129978
461099
550812
716260
86033
802992
838341
701785
680607
489476
915372
335984
704975
454774
720566
728376
401773
94139
998392
929367
735441
439930
989434
344167
534901
206900
627357
925867
769064
129039
138712
570541
453404