536517
538575
125811
961991
825894
189872
248873
748011
700327
793781
21705
258921
855683
800068
203889
910937
748360
492306
754765
11988
150460
436749
439194
660005
188523
900380
914869
483997
439694
291070
412639
980547
953306
218319
564624
165479
261730
842857
971060
608471
465449
228391
402054
790699
772872
145093
343560
393083
88888
124899
171356
849457
202429
46824
13122
983353
557360
9668
532207
10517
939303
980237
675334
122188
23362
146635
491062
101378
311189
849551
297455
520163
930349
786878
484161
267193
138305
25963
454036
721502
373559
592610
143934
803403
107983
892290
982596
959630
914352
489794
156656
261274
547661
977492
698507
135416
549940
701030
61176
82972
648563
407685
609453
893075
899239
438364
688846
613655
161570
923611
984936
762501
560120
166259
227591
435302
931623
458621
811700
141673
939232
516154
112526
644722
880694
74293
973443
358987
933410
128005
29548
372920
297008
212271
247811
339625
90378
799080
339009
862345
420832
394871
651928
920500
457712
950585
686666
539909
205943
504126
641829
327564
695604
494033
227483
629983
837397
65942
426946
747336
578433
860299
920228
452252
730561
850417
11012
447915
36747
148740
745006
997267
810541
911909
800697
573295
761747
255961
686045
772717
205685
519978
421867
508605
153311
507243
223149
69670
713566
648473
22106
796402
380996
567837
30134
245514
661017
180270
29124
536092
243870
34324
979625
157816
482111
899207
421791
505659
203092
960246
283922
71778
392019
110691
768410
800128
740758
741419
51734
948746
15877
834980
750049
240592
4448
76639
621172
691078
767852
181196
205912
64257
379319
595517
51782
786557
806792
317507
296541
952282
775400
609524
164094
746536
154439
69583
617991
449815
897933
467190
84075
105041
848958
338841
140011
491619
915273
374260
755507
816662
80301
206318
938323
191004
399241
92002
704408
521446
298814
863547
146695
155411
462274
508985
38901
8194
10308
374672
191110
247112
724792
161519
760064
892157
551870
509086
807563
652273
11635
352384
57927
610940
851539
222648
887882
987507
961288
988904
160117
450423
142484
494741
627697
950055
820568
36326
726283
552629
363647
977676
297322
493782
113994
443643
541417
363091
260408
716309
390357
788413
142481
995688
252164
884029
117711
453582
94864
632714
807274
825843
974703
724915
581438
824372
613104
27420
867292
461666
61012
166597
525354
964389
370375
440966
495351
829053
326842
847191
849631
388836
103774
423051
252119
915408
107966
440413
167318
558036
13561
945955
661153
225894
740315
986655
428209
358075
388056
160501
757250
375503
283812
968246
841723
410049
360754
254682
999221
363482
784006
629581
736809
368622
684089
543392
219131
558107
580361
306144
760861
146542
602906
384324
351457
491942
576333
218815
566751
797072
297404
977078
444159
368465
977231
958348
182500
285954
940030
931480
264310
846005
529443
344056
613641
917398
820730
91583
549679
242797
523193
621322
260823
866688
658310
148528
481760
539158
339098
279639
895422
502806
73968
407460
648839
606541
315881
336650
857371
413902
980863
840644
213486
62963
159844
697373
6196
271490
172278
255852
117991
258796
914977
783070
446520
407279
198866
47851
489104
833114
135700
958507
811969
544689
235913
65153
65614
207142
379781
128949
539155
20935
799754
471264
957651
127352
327516
259840
215068
519829
322497
827116
343001
471801
724439
541217
239284
810205
808337
408186
54245
533208
622031
747198
269788
974660
647898
785939
555655
576065
945593
95633
99072
374611
773554
583858
85846
345383
52768
38245
730423
226867
640238
486785
379447
245435
419181
24343
759679
995375
737176
26592
514325
968753
990433
519125
729027
586741
151351
99870
160295
930818
112023
369186
350615
985877
784140
17789
181550
57700
80453
376720
347383
411392
791953
833009
679733
132627
917817
620419
647885
495241
638202
914209
110994
477004
388765
989172
678954
615975
358517
959781
905057
399308
17589
438571
319946
376113
291563
190661
659789
654932
924381
312900
403474
557664
609022
214208
733769
235304
217933
271467
199763
336975
546955
503938
175568
770058
414615
114207
604230
628030
482919
337324
521770
821251
941605
346226
359503
960842
464292
449743
412200
535195
603069
941894
134651
244086
509578
104816
983333
817563
147390
753617
896900
650598
463008
646470
796804
630994
73634
176089
136905
544414
431714
493751
445046
896012
915772
715577
271769
464902
905225
631710
125747
72412
997945
784602
120679
640680
922313
641159
528893
685267
13472
174970
137876
6512
143244
522033
229474
40774
813012
936168
423401
341995
319993
249034
275897
843851
169934
540229
407067
905224
238577
859958
89249
820923
255717
483972
12616
107737
650317
91976
109063
204658
153351
171434
945271
380882
143267
373191
916382
314250
51775
374158
258969
822729
246976
409386
454310
733731
284655
221913
542604
203188
586861
99292
575463
51038
525781
669127
669779
375853
236909
162040
610869
185500
702535
124132
324833
464881
874554
218765
767531
503427
204472
498512
84301
90396
141324
95002
398962
324537
498099
984571
480797
848238
196180
948178
645561
939110
676380
49320
127869
983752
402298
295834
16187
886902
715572
689261
534982
503663
491492
807046
954622
424276
816147
290225
69754
613896
704817
258911
372240
121904
236078
406381
265347
642010
49719
704735
209034
252090
764048
708459
74681
75470
802378
428786
460750
822243
315426
349513
171995
897458
892278
582838
544459
336354
92580
718135
545362
964849
490561
269563
910517
432109
378163
909684
116595
461020
564140
153924
309775
202939
579907
243924
477115
422628
956465
124100
565794
719496
769956
728892
34706
110364
353475
344737
582277
344081
58175
822244
263755
658107
628626
455604
299861
213331
230616
401556
148128
714328
790534
112134
831099
571600
916555
844327
428343
642540
595265
673492
398635
346057
407760
961802
386657
112339
991008
530700
563041
934468
723576
933949
747223
699274
555384
747085
198755
695047
686319
741456
122813
238002
280026
725674
361539
291162
846394
858727
982753
804939
916177
648935
836700
390857
395704
309174
899643
645241
174944
546682
385362
654751
652003
964293
500396
137026
488390
507787
371668
540076
542478
6701
55488
433614
904891
493940
865115
619712
367717
468313
211054
136421
487730
385600
946026
276397
708658
345222
576468
120180
385175
854383
111629
573640
764244
280066
986941
485959
970384
686001
471516
192999
717895
454191
822365
745424
213502
595558
741303
228324
964129
71553
923024
244318
479610
850404
763209
995352
738896
391228
871456
757158
471834
520304
210758
751648
927902
713334
275646
925310
478955
738179
482030
222171
431791
927130
715206
996060
937014
390150
42314
70954
466304
869923
381501
758426
90877
507158
222636
360750
287015
487260
659348
388725
323900
672561
527757
268951
28006
614052
146185
719786
518213
725375
331757
249498
343538
936816
60886
997175
255767
531017
523319
957911
265218
298472
106622
172942
567321
741896
862485
356043
610924
114530
538628
557010
206947
88385