961064
20597
685392
45204
510884
921112
966602
401728
244397
925733
72103
627764
950602
245380
107997
601163
22171
878390
278290
637938
213031
988179
814510
915387
683009
546731
342235
552977
142871
828110
978204
790086
966103
402984
909703
696777
216318
718148
369824
333939
145023
657009
605140
640832
327116
393154
282127
554714
556995
953326
29370
208017
897208
787864
843604
354792
490459
740586
615468
398217
257286
785306
894904
571224
364262
605967
347989
2596
745923
656988
65500
972410
343789
120170
351901
62932
40901
258805
227451
244783
341925
165997
834148
932474
995373
816700
213099
436266
787563
557607
983299
47466
473894
183822
795098
917040
504519
46349
899855
590955
546469
278661
144082
242200
302060
177525
939031
735476
857896
231617
819703
380940
316020
44757
887267
317552
159993
416995
572037
501062
6309
531784
758901
61754
662506
397261
727380
253267
468464
16712
741961
281313
618393
350115
700182
23315
825518
81908
530582
752229
625771
867724
889365
750134
382755
150156
890700
157751
333649
756592
550391
812863
225469
266479
200981
756348
306056
287035
177275
517381
752020
680163
270998
418763
336978
752472
539835
443053
527913
885069
23852
712234
322240
102711
807658
515504
5608
909428
886706
721428
319273
538376
382549
586395
345960
707522
524727
235125
742897
999549
854308
796937
115687
114626
709578
895275
752709
701963
348439
978219
189648
781987
85424
905671
897563
101545
357642
440384
490230
724274
395689
337482
765876
200782
476851
794908
777240
608675
271024
647016
910684
369718
406177
960229
926877
115785
345785
188231
668582
110750
388220
919696
687639
263769
96243
756224
129777
618435
312137
713896
498817
518891
902022
641309
351207
678183
385573
47431
369667
225656
841171
118937
235515
705355
357831
144987
572650
631324
50105
216546
327400
600566
238144
614178
369074
304597
322443
32858
12470
673900
165947
669037
669310
979521
612060
25617
379894
266742
557439
343008
825179
464164
291765
910796
662915
661536
43050
174000
462659
535583
844251
17857
810624
139894
579701
650019
512789
226425
191436
997976
900574
578245
574900
167763
564895
266970
978368
12139
382293
886624
654101
443755
968406
962122
393193
730630
546663
12184
630110
959591
69786
970102
780085
439527
47202
432066
443376
336600
652789
663147
695625
194174
90588
304949
661768
9374
662938
387929
692357
148334
455863
96840
681850
510443
332584
789456
915588
206410
163100
446232
819830
57030
593701
959173
837722
3544
501249
443263
17349
964293
87493
300622
770582
651025
126117
792222
701963
227921
190562
71969
665151
824990
345616
473747
425668
356901
736707
114777
80281
583388
17878
293699
474184
501135
694807
656689
682783
367000
567826
550609
949576
37805
767480
487238
95175
475732
668652
914596
937744
125489
32363
823704
673091
331392
397909
160421
992837
130461
628444
391497
434940
127168
810888
890814
466342
144647
622180
417052
959191
989164
393
477339
212109
224726
270852
816566
604529
504075
897447
644332
255853
129090
353961
382497
540516
438934
220602
877793
44435
931351
934632
576260
279746
588795
193639
646124
526694
730738
738944
431979
859350
230615
726233
266306
975144
695682
157085
31492
72104
47802
572743
137562
215668
834376
526608
971807
274615
582054
151155
975851
70976
956247
644826
801389
902782
604496
217511
392818
277594
179860
245408
158658
713521
273437
530039
458793
428845
859574
22965
835027
757439
767718
275267
624721
300539
520134
55061
439736
868367
534900
78259
142824
454049
515360
935141
145066
111749
928515
927291
507443
165976
349104
848694
379205
52795
87939
190871
89653
294767
843254
806209
637063
802890
897938
14733
742069
388820
137026
355563
123791
604609
390978
907887
23612
55754
639095
992447
855518
895018
247769
423576
151316
199154
169419
564728
600537
429641
24204
585388
560713
88836
882629
954678
593348
663326
341122
759898
118443
284564
930622
733317
123208
381024
816534
964635
463498
496015
525536
895196
607533
928065
796885
292466
343736
611197
222633
81177
372960
875566
482876
15531
526730
302846
523624
163399
580398
55886
16762
723165
952151
696847
538686
366681
360902
216128
541492
651946
759223
604868
61151
292718
245691
791007
489659
118588
190596
201677
630926
220045
727167
181759
276183
698695
594204
108595
669155
526248
142505
302446
498687
17675
228636
213337
75592
236122
471215
612662
156830
753297
469926
497213
247735
461291
658028
318935
949008
947179
977499
154038
65981
346760
366427
489807
100898
449654
32737
78645
501370
353549
662105
414163
520084
297880
91807
108038
338142
510845
542694
651029
18714
737540
817211
273486
88109
675013
940196
924990
53334
633266
287458
75404
841660
75134
395414
130546
119776
943209
913728
76889
668145
789866
567650
150480
800446
478264
274371
306794
482182
880180
170319
521905
524459
221558
997916
408202
508869
698738
304519
376359
250579
368839
564861
999650
740813
206244
65878
995005
622229
750359
549019
289651
926603
228532
313896
951034
576511
115422
649133
605208
238850
277237
781006
658079
109717
724508
216810
731719
160131
301477
377657
575718
454091
868188
220367
546510
441973
159405
862717
669827
407941
922482
938646
335383
501837
330141
883343
64036
553245
351934
388352
527974
150678
612722
915719
468978
453981
226537
632012
648919
735979
539026
530590
893712
902400
411109
149372
658402
163831
22604
90545
817368
667957
316335
198422
351385
353595
968603
543739
292835
656924
458190
211361
440614
830984
450081
686750
478207
505414
535442
889507
853007
753664
540717
211674
343352
757432
27927
373161
846132
876889
62327
415124
509585
686824
81538
251327
479245
321689
813857
512272
906250
495678
485056
789299
368046
857562
494581
642551
678233
132244
974155
701206
923396
820807
516331
893778
436275
830134
829798
864698
143126
249245
16353
839884
519170
878690
725342
80500
654342
564907
776739
170163
519917
302025
63561
205403
581904
977105
252642
520310
353493
691596
163592
528455
222472
295940
365247
795560
880916
175359
807878
791442
52189
224968
166079
153659
48125
226216
921656
827802
81498
780532
574165
405958
239521
1088
668252
56060
698465
591089
923357
144447
957126
192176
937020
145562
872688
986107
374940
962113
799023
617941
548842
295638
586334
205790
257219
813511
831833
667901
28163
290452
47388
429945
705515
90990
389497
695399
609326
640123
257909
552382
394840
310966
70592
276294
604508
955956
450768
819567
168888
537985
529369
697086
451975
593513
432939
963490
265443
298771
175653
569716
459463
968159
97662
516634
232591
758345
471619
135603
756284
781472
661563
505481
464896
867864
475602
963355
188344
147772
908389
612998
719693
302629
91005
928016
840880
662937
639258
879569
867458
625341
427940
142399
325334
708408
954566
707732
259470
76582
9367
971934
621410
179126
55725
442723
167359
211553
155350
691310
714699
424263
651553
4155
227655
889000
427159
583226
637774
46971
990088
509571
816634
76271
205887
218455
725542
233467
707415
896207