54974
225822
207605
280281
535118
117852
872936
726100
73038
726494
905018
765595
463580
902417
723601
646951
981768
733859
404472
69524
526120
610375
241788
695596
722744
358996
742439
707039
453995
765453
306582
900559
830546
807675
858873
647816
668008
143031
530343
634637
350968
840388
406876
181069
925675
287960
454928
992053
175218
51003
529460
745439
159884
391305
879051
188711
658868
148754
941795
110366
597483
62304
84848
657112
829085
968024
198019
288288
900722
402233
980972
853452
600436
415426
841705
250859
250776
948528
167561
849946
939563
546597
69665
987766
660506
868580
285162
905067
200158
991481
695222
874667
614210
471798
230989
412219
251730
758551
216296
196071
839906
657095
773833
441494
856760
375804
856373
405880
478359
372413
579279
103388
689001
763651
56787
844957
379016
343933
497259
348028
400105
586542
704177
66442
803749
137202
722242
751100
982693
187358
716283
764449
50346
407044
601235
316143
417847
905430
412053
976697
856155
819554
345016
798397
593438
549883
676636
588569
183688
465400
838308
849694
599112
187798
725162
189565
70792
176569
502819
231838
750859
344015
47441
351824
185407
316437
777759
652314
484453
122164
278236
328368
512281
139715
563863
941826
374272
581040
160595
463662
510798
321656
258087
424853
45746
341331
242869
820170
799006
513198
425220
757415
442678
142160
847101
200826
37268
149918
907967
495901
292534
896250
62303
947171
773509
181509
750207
399662
24258
12933
553417
81246
526223
784674
53961
95716
652056
867211
451685
868084
241948
651510
944825
984793
53468
414532
332499
837666
732446
670402
33736
333370
348702
881804
483761
893973
773394
919628
945413
350471
389529
200224
706772
841775
917695
751322
556638
789008
500911
376160
679822
239360
9334
74740
825942
741817
691887
690958
467432
824396
552785
12581
937614
39222
772241
372366
863910
496907
510325
42107
777278
904975
584503
223780
312648
676
797906
731394
359226
187485
585516
768632
409220
543600
972255
169805
150191
284938
353637
845140
261711
154941
196064
986349
474852
361365
642116
591524
180307
123272
326242
33782
12860
182667
40017
870324
195192
666817
42043
334593
282352
186510
104705
948661
770781
267786
329164
708580
787287
662866
682930
842617
945244
742392
563968
568315
28768
555418
934186
520178
951115
608976
286220
170723
189908
169023
384348
322550
478904
443018
546863
489465
627862
403177
604900
520125
282538
60306
188913
339998
717220
502803
437768
488352
209508
713601
342501
94325
27477
236810
594231
609820
618851
799911
462376
298275
258010
513390
88267
563149
113372
646660
244321
692110
103167
512496
194184
83315
350593
801610
601985
703966
265768
640978
655580
661039
356347
409501
855042
640063
67606
349097
37663
450694
280366
718162
151338
265372
716578
460318
779474
293085
856121
492466
454983
535909
354302
479528
504929
128378
627445
850488
206897
392585
740473
953747
228323
547017
63219
316622
93388
782524
66681
251963
334102
940436
530689
323796
963333
495282
311616
368721
870117
563785
997539
469849
192210
976673
914921
873300
892068
980024
649435
756831
422901
794819
496297
967577
374160
975378
924963
613146
472375
935121
636944
572612
433105
342186
875118
901489
393902
761672
680263
913548
533560
54391
994861
133372
708025
205863
116818
658426
249091
855440
815238
404739
643392
141295
270925
473385
67670
203630
324572
966277
278838
30945
291632
46023
460290
326829
65868
657198
718169
133827
652237
679058
699904
866698
44459
604126
989742
161115
932750
101212
26996
391718
61706
720233
459271
301745
629625
665031
170411
157377
400628
780625
942270
812369
552558
667657
505567
937407
810732
325198
400441
61766
400933
81769
80624
226790
850610
582
498278
30368
395249
604415
485418
417309
495228
358356
464766
560559
65281
249463
618115
800431
827390
57668
418051
501508
890140
416782
677979
119429
471716
919765
793667
179574
800482
652307
761019
475439
463381
998581
308180
491419
784207
172839
146713
160283
655024
824072
511448
465098
691641
852093
857296
475292
338703
509985
941432
142431
819471
645082
907370
460772
652040
177095
354218
699575
567065
163285
560151
514249
345704
967985
169197
461423
455868
742168
351413
602499
764664
252426
159178
619432
755253
688156
822152
726892
999162
123053
246930
95302
639515
166705
692544
177342
224043
76457
728292
590124
253343
83379
318327
122328
313344
623997
256997
549121
440588
851221
631090
852345
615530
524380
993479
714349
478985
398490
579101
645763
186388
749803
871045
365788
262931
399126
112593
308344
278177
437118
771875
795193
896326
812017
657744
179648
416624
738781
427184
984308
780115
915811
182596
212449
405786
911108
525380
404668
920456
569529
577029
276229
320560
603679
789572
668165
427405
238158
39442
26487
996543
241674
893275
270275
969315
920146
834196
760933
596941
465878
707521
831788
502821
944134
545248
135135
694939
831942
768373
390138
678408
581245
532467
994966
337762
104589
687300
611110
324636
663645
940597
255901
996568
486097
976385
511022
699850
73499
963833
103531
285034
143147
744396
100815
756693
435522
59257
454615
862977
944548
103502
376330
966811
41196
985883
405530
426943
852281
45944
813411
480019
752262
203248
921360
533825
239832
561097
898205
11855
380176
406385
543926
839452
773920
3847
688063
874617
655323
879938
55981
750497
348772
436034
755473
635030
62856
943857
203253
477978
723688
766358
462495
500936
649935
466806
923442
691341
199906
473639
182580
866501
486133
556146
197419
763254
921274
828708
216096
884835
544084
838578
173765
123534
253514
672966
167282
973966
130070
159658
235979
244296
777565
870608
417342
173837
885946
222075
810409
911696
36851
942990
73496
776322
225805
174959
639148
473484
796860
962904
607255
888296
68274
310010
741763
450205
142808
910349
812434
148117
256730
114169
757184
831068
315805
960346
852325
815479
712076
189940
659672
130079
750992
552755
549165
168985
791710
165660
8158
750771
860970
284694
781959
110108
205305
959567
405131
18401
437652
523212
547925
766464
896088
406289
554809
832555
490410
402217
634744
71066
168969
97491
655970
602957
624316
97353
401494
440669
589994
469294
851173
676286
871880
425299
863509
138004
337388
562150
420225
201774
624321
899895
735070
981155
498132
654376
821528
278663
328778
204145
537626
482890
693876
684622
330093
370414
927995
953541
724600
924516
647670
919127
487525
797889
257115
792707
56357
416674
312401
602545
380233
295705
976547
111682
65617
535698
267537
610929
188162
779719
722881
716774
637168
891419
102803
108055
76060
479511
643729
676379
415862
901504
607685
505869
211907
398097
770469
415449
612633
380058
331818
947878
279496
403445
646079
743200
395219
13920
733204
755617
145692
415036
287697
894971
349213
672289
434152
92196
361554
324956
809923
241343
6197
140870
275677
795907
887457
860418
889197
577098
923096
323154
669180
334008
370912
761431
896152
625414
202184
718307
936609
232362
146760
368764
216256
449893
912006
354800
748536