765567
252141
41549
946265
386255
57601
238944
454179
533761
343292
61916
78927
772239
952486
953900
415117
590473
151091
82636
119793
720470
849500
495137
166113
886616
764444
112355
165850
220846
780676
778549
538650
720211
126651
191062
142766
156963
510038
46703
247704
351038
12240
155148
529948
899525
82534
495720
525863
293570
344914
726688
324701
355428
858273
106314
386942
225575
376627
48927
253620
234130
617103
505427
246779
604378
170976
740230
565421
149988
724816
435730
102441
779944
522048
949124
923167
639089
8545
832872
18939
96768
458610
825214
488620
861841
483798
282697
264016
446517
351313
612357
76734
18462
722399
81656
489775
246009
140401
80161
990601