307213
202688
228292
830551
505969
28427
354910
750413
98096
901782
516657
844749
966476
64997
202816
916008
635284
284712
566343
743043
246854
154036
44012
626592
174286
909592
584661
475909
189741
313695
129619
242059
390773
291426
634363
512964
543152
753095
892950
341066
752033
685018
378734
517601
471650
248966
108425
22280
114476
234223
854898
540129
505333
749679
824370
403578
455924
337516
726622
185655
96256
997715
891850
759070
815254
698291
31579
755647
97017
124920
522042
473918
567860
604930
234533
25854
783611
30689
34271
291564
732784
438000
819592
631077
469441
957963
876103
905477
153646
574126
283363
717645
449448
338923
885745
719792
20565
415943
226472
74106