531938
582508
654025
528032
66695
493802
682412
803031
873992
721105
62431
522014
394180
45017
204141
40327
215795
586904
269333
876510
649321
369568
862687
297679
931895
158325
521743
411252
660464
796841
692599
251263
877065
669014
194535
857984
211610
436472
174592
306068
547777
502244
727591
517227
541862
787433
761109
86708
764696
171266
480074
816423
97622
572980
313633
516974
525291
407050
701823
135409
52400
863211
521637
442237
730869
47253
300966
185552
247099
234232
394546
236483
153816
549169
208464
906964
763837
624353
186218
712911
319892
448874
164162
624857
189187
624838
324867
269465
470670
116995
179442
786948
233625
27103
80131
163011
261834
200572
441736
145538