895158
44805
786701
651018
541539
118240
652489
697485
213814
416107
646130
147644
157993
394472
110888
454867
899456
382095
164769
80525
307878
948105
303066
892589
274165
297032
406247
825002
598293
593281
775660
695672
939963
502791
81380
678831
98643
671941
53214
154970
908665
515352
685960
741279
25696
568775
599652
73990
661397
549280
797655
504743
679326
810160
133408
221044
386236
836062
924006
478176
919440
533668
793834
172587
504602
261099
219931
643724
314652
673474
214728
277690
435613
39164
900080
503830
43913
346275
154101
215480
670582
775516
504815
501204
450817
387353
170653
175369
21015
99508
386935
216838
420240
527535
583007
713113
920629
289861
533621
90518