474520
788536
995697
106502
598614
496457
299254
254347
298485
453727
159104
18406
420912
490211
439381
485289
328134
819135
764140
761163
442587
357462
874912
692540
206139
88549
688065
830026
403262
785716
231045
275561
58502
467320
813276
978850
260133
281992
592033
953435
388700
576570
2476
168319
851006
901786
746308
161609
437428
791750
317170
214514
746009
260777
566448
10677
797893
311314
361665
91772
388263
515440
799002
813225
735308
633516
238910
545666
649340
422755
215783
436857
163395
706367
376032
842647
563981
196273
18736
451909
143339
231373
423216
590071
862834
329985
245182
895989
430530
473587
778570
848903
552868
413751
464013
887549
296205
783786
873370
673304