128488
698120
323690
5131
79456
158121
466619
989472
751903
503485
690344
864077
583278
152668
320268
578894
570825
343956
357684
946818
719172
225737
894039
652891
317336
684983
730995
606895
549006
426644
473157
631915
836871
22033
739107
570406
299301
815294
677306
575123
598234
945869
285856
27601
585547
124078
56661
653853
73888
670490
778907
213479
708907
784236
978543
818434
884850
774889
156323
874612
288731
647584
991001
485357
496499
198445
219870
573589
301338
964823
580064
254462
810063
212953
538509
249401
332308
359038
281610
229316
135230
760741
662797
413345
323483
363172
771288
358402
163519
681609
326419
306271
219117
292604
583748
28650
631327
290560
804717
809434
500531
46360
99394
499364
31858
384390
565701
679625
369917
108782
415616
18248
733014
39514
931294
977907
458120
34327
801959
231711
169780
590012
193815
779445
605242
845450
662681
358565
699136
451439
885349
95291
854754
521957
650355
68041
592758
696824
367642
882372
423290
775780
213834
528683
39901
861340
721250
314850
844390
260967
280303
242077
743621
638757
576322
966327
740213
252592
113901
815587
640586
603870
656090
361401
189596
103394
545607
4082
776336
568338
902306
696239
211840
296515
716860
984691
374342
633808
661677
129458
34154
834106
778693
633473
501989
635177
795370
94060
538130
588945
678675
588198
508144
180976
879648
573467
175318
832819
326995
747426
700340
857464
719151
715406
258369
878447
237931
147556
233478
381977
50579
573094
128583
860018
710140
21262
534729
391980
711330
967574
23621
981392
692064
465767
244233
521482
640612
312259
216380
952810
870173
326229
196687
671446
355109
138419
94603
513899
229952
436881
535324
993320
575044
33713
246517
212777
433544
388645
943952
61181
643963
812610
728147
372583
173584
384803
596815
249326
541143
535703
243873
975009
924327
856680
142267
605611
21304
787977
979517
343566
488333
835547
770237
22335
583182
755420
338598
600862
302643
375852
615420
840337
402077
293437
355773
51900
302591
261591
470563
154143
146297
312838
912327
186571
881669
419489
333151
514690
348362
382455
417384
586026
163022
648087
976927
129326
971657
959292
634600
934834
501396
104851
189714
372336
814592
864619
159474
471924
669508
263992
77483
983408
130958
908228
151952
546237
267322
302963
466208
897775
573664
561457
917104
966483
161928
427578
798246
246087
308344
53573
4577
27062
780526
852238
576566
69871
697066
389311
779158
956514
428259
599610
767563
14070
549657
592325
739681
285961
369098
994067
829601
387333
914814
290219
294008
274780
288189
524791
809271
817696
354721
314988
54580
181120
799878
222544
195981
269219
94045
673709
873229
748698
156000
45648
18406
405126
630368
600254
98718
66822
42426
768052
554375
131546
665512
681306
836582
534937
818995
247491
850550
111755
343750
276003
542213
301348
175198
550606
598395
723294
625822
227561
213690
91697
891520
235055
514849
320690
135461
386466
700139
997509
238220
531788
71349
26304
777697
354864
667293
756702
504429
163282
354950
267165
55596
638624
389047
637813
406204
592060
997539
815285
454001
15911
748163
89915
301061
120651
740256
369167
424109
793189
186989
250333
60935
636813
122704
87757
31535
210083
137473
919745
753968
287832
377227
464490
204055
743958
195248
581447
336548
603533
974186
751036
575002
878491
312139
797387
484470
777303
945221
943729
663612
965691
198534
729119
935084
207723
593340
772627
436948
866022
612534
539859
210303
129224
166251
417606
973643
724921