270429
225680
458172
569006
218082
268555
356111
703680
770229
958095
84842
578207
158427
668289
405083
265708
520004
66158
605245
664371
369879
423158
918810
830949
402984
728663
983785
179885
953991
720021
142584
447856
410290
903491
229221
479462
677098
696177
963462
513872
496803
659315
959081
932885
867668
429385
837557
146365
344175
366832
178799
76104
195371
194500
943641
403180
787708
852304
443124
139498
737316
105396
702311
164236
191139
803314
316408
825917
493386
982549
588854
273797
844526
518718
290105
435871
148983
287756
962370
159480
100440
294759
115644
708742
269081
650473
153188
700739
136079
509546
398852
291205
1198
138663
935450
112060
250165
916815
211224
751367
902791
503401
441669
865907
444570
449892
942273
354129
423816
169661
34917
630770
665155
959367
133000
955777
363494
724826
27487
195262
36966
379354
576060
336275
335079
448355
258871
35348
827179
541390
457322
28312
892901
359523
500053
128302
779052
698331
909859
183358
163147
503888
662340
921918
213813
80899
571129
320909
756181
54282
931566
970608
385412
319828
133377
180710
143124
72538
697313
954281
100425
376740
122001
364676
62376
332981
78476
978187
208551
150101
750147
943228
137539
324025
307074
880049
823665
504720
320304
17982
430380
413164
796405
39213
312941
572235
158262
743955
936889
935362
8955
576078
942420
863109
32370
187614
532819
722709
475789
843678
142543
412294
445574
62366
89781
845612
568002
223773
72955
24418
448787
697704
231725
94518
751320
230153
648037
607732
396863
810030
19609
283854
426795
415256
412495
921253
779633
810556
367595
703158
739963
858362
192680
799524
18511
823863
964389
809053
817514
934681
927639
314028
567942
748638
370141
521691
292987
285722
452401
620227
574722
277387
918394
114226
143188
19162
989502
548535
847792
659889
494132
78668
964284
945971
789111
928673
476995
760284
10647
846465
452637
101751
853642
718115
480108
692278
877888
224656
856834
144177
832660
792747
468384
680126
371550
42082
279386
837481
770149
234992
248854
884880
231282
77260
151155
536990
295999
252401
447686
314850
860751
999819
534783
320267
987671
183675
981866
86978
961818
628551
310610
914660
213394
13729
18816
395354
802186
874706
663649
615255
858441
235523
864197
543598
320168
860264
287235
855246
139141
364426
786939
419419
710416
426543
76276
576361
598978
370023
917347
656791
697326
592502
948429
907462
336560
981273
359235
187317
92226
463735
577996
560699
138989
243813
325154
8544
847515
751254
724562
221975
916427
432861
780998
116636
212959
191009
264544
489830
224144
194844
517756
863753
747329
440527
407000
552684
369392
822726
688528
535778
228233
194499
313537
872998
241429
791562
18000
144504
483152
729865
452867
864462
36759
183329
357004
320889
639360
145365
234982
271510
412932
747534
474584
672365
873879
62856
49623
825193
542489
422365
124489
170356
665892
468332
629027
757486
568581
663910
275315
673419
446472
932340
194234
422023
341805
395656
817713
786950
202743
92479
297836
457163
761634
867632
586460
306581
893044
58388
756015
427153
59884
427922
468050
454528
762519
625317
214230
604583
737730
7468
11888
664301
721674
64142
225435
825748
190799
433991
201496
119319
165191
325652
746453
806876
524782
25143
884972
649941
69595
111079
794370
574969
539311
899800
849232
459227
313766
441762
343934
270564
281871
938192
96043
922737
649112
270216
669770
875595
593603
355922
100646
54655
76277
613958
152261
530010
63405
702423
817771
736323