141625
957790
630430
749285
878381
48000
932870
596701
973276
195937
773198
905434
933191
611885
173409
733048
808430
99545
342843
706830
810881
988649
537385
283456
783280
917275
264498
658562
927391
477875
185044
237289
778613
316324
402343
402927
274324
462360
528607
169795
131939
983517
2669
322443
816518
469804
514564
101111
598255
96022
285625
752771
308046
304589
651907
918409
500196
361868
994146
934464
883189
56740
890397
653845
357276
336548
274083
474660
937144
936677
154707
196371
480196
334575
491607
966667
243397
131339
319531
92948
419356
960615
347964
225484
976571
398303
686443
43588
858100
949870
679728
196088
777069
185008
60252
285928
783536
459347
307894
751703
828383
745690
496199
4447
32773
720717
247154
613743
381191
779265
982075
834083
870585
98239
691880
736382
857805
216020
965060
464839
874982
711093
906688
804989
795530
145740
843893
50231
750966
219427
658181
821469
458764
938860
962911
893181
185064
875754
443808
882827
416272
232640
618647
438904
832969
468436
235169
391213
718150
631200
939379
110948
784828
18709
770294
148707
89425
517228
843021
269207
318706
742602
471794
43401
949508
896846
300606
385983
986866
337915
17479
467761
361253
29501
796899
243622
122962
809754
108299
370475
263597
530614
337820
986992
55355
787138
469495
693055
599301
713859
756167
340058
788072
783354
886050
686319
253769
418806
582985
126778
274151
644210
531082
900344
104969
250347
564165
474115
897046
20611
694411
833679
705411
80139
952161
961855
781862
323825
723109
378917
569258
785861
775752
349781
841692
913705
448057
874980
567457
729493
842723
834178
244106
918789
642188
594417
505536
373312
1374
567201
542618
562372
830723
118186
516941
650451
417705
229861
231747
380500
430053
778343
334532
990824
832436
541595
268753
252362
664476
251195
867472
17186
919856
317035
953633
113446
940339
487474
177102
935533
142356
345046
574945
142802
658456
392722
156048
693505
826966
475766
797844
407393
799067
111516
928408
754910
977646
178370
985484
541394
390829
346057
253784
858703
661782
129673
162990
903755
190178
930382
352376
160809
869515
973812
380145
781472
568751
670874
11344
860682
624396
262918
135134
457867
140715
22997
217577
242332
809626
806493
837969
599667
482065
732129
353535
240657
693431
223088
102902
975719
173180
207322
373441
524262
142182
30160
800716
475682
797098
599383
183247
137122
465456
157481
91813
394118
128890
669800
536699
412629
390493
916735
471267
123811
151853
919448
12616
918747
55415
784883
168572
517103
353447
205737
323757
217881
750410
580926
952631
666572
760942
220892
972499
668668
938470
912306
954540
645191
789994
85097
433170
686206
304923
554622
497224
931348
658531
417024
81976
922338
26811
75176
504454
230101
527622
912720
739393
389557
368731
854290
532150
600082
300512
60542
432415
474189
956497
132151
4409
716992
379872
468202
714867
548619
693495
229676
473858
35004
765209
152624
458705
782618
619686
934881
32278
901518
946045
832482
526848
93679
168060
727904
386892
161065
859042
539856
432375
79433
273622
900426
674510
483559
21121
586690
673505
795824
264149
290527
823702
610126
362993
58041
770905
553207
938141
740916
271729
625103
385328
877428
411054
302651
694865
553787
413119
314819
533530
812582
719648
454499
638552
691073
279856
34094
260847
588418
643680
718176
572635
180649
374407
825982
966481
881841
317331
521644
594627
648243
669787
352459
110403
696664
589967
113612
824831
669369
880785
440022
450410
444181