307445
20566
551299
692365
768108
73825
743253
454312
172184
512008
90228
586455
62318
409080
346089
645304
524122
905893
322587
790188
801597
625856
162787
79503
817733
627717
22891
683682
786536
720304
243329
167498
855037
244687
954046
278705
272567
844723
680077
540619
410110
851136
450394
318835
181292
574756
176217
429171
58273
239204
656240
15715
465027
257042
639234
55144
323093
319451
477017
444766
825907
719485
768815
532816
599143
425621
503961
942692
672363
417430
453649
105428
987452
133910
465054
820823
18776
796226
277346
483550
836052
254642
338240
503225
84699
306648
338152
279642
454471
325969
901632
776946
824597
172958
314672
495736
77385
373804
360074
399944
587805
599695
386261
686312
153575
140685
705653
915685
606214
984279
469048
550492
273480
351187
681215
720980
522460
310356
885191
24201
654574
943339
450195
702276
12517
322583
665080
204965
723893
392663
510404
207107
546081
289
580620
947050
671889
933099
61713
698435
486795
399782
763726
466705
371217
763146
786017
850647
165335
193420
42067
95832
863072
384493
991174
550070
1908
396076
154618
482748
640000
944156
257084
920887
78090
984080
517291
532671
884494
989490
611240
808147
475642
844787
932185
173410
813699
856092
794394
832550
249698
483075
652034
756331
514671
860890
92813
271214
994328
273186
797867
596576
617342
592317
930212
661194
349100
962784
656294
807946
919092
700967
158765
834171
294632
559362
923597
816179
675250
284301
84703
980261
171921
178494
264198
3175
484976
928439
808093
724559
53285
81340
177022
155318
351427
646526
128241
49118
392092
894038
163312
828720
551062
486285
797332
787358
209192
729496
332637
258343
769330
38945
603426
481209
43703
667264
433235
346608
176888
774089
289128
735740
413293
567614
214889
642657
423970
246309
30488
869145
842221
83445
541950
98580
207816
620202
752593
378143
735951
315192
786431
717090
924887
423195
205145
368516
462824
913869
632543
399593
71129
701265
423780
677147
50823
785709
836702
525894
344881
80436
843724
589853
143155
96833
939652
205531
111965
909568
218136
72228
770608
391526
476772
649610
553012
499841
193719
927915
463161
112937
842780
963959
221096
654102
112388
336655
742596
559244
484625
2057
977475
965809
66177
805072
548867
139007
392373
113192
599467
919380
891165
404048
204895
908006
350531
860032
624351
720533
257456
59538
483901
98137
401022
543869
957113
809690
821436
143996
836730
907231
324855
253965
88747
576990
852907
853653
884720
928241
161158
397408
576580
497514
179285
67847
578225
346429
92494
405483
838698
321884
572792
172893
296008
248544
845435
708320
404191
307234
908160
980230
27581
435178
601732
23478
603007
748095
133183
843343
104015
69981
40171
653735
53693
529285
395059
717485
185721
797038
413561
141164
819819
706969
465476
840496
333423
634306
504197
979075
627440
659698
705732
599568
876128
48114
488236
563881
13265
631002
345583
16804
218291
442631
854743
301280
948778
376234
719787
125605
671883
96701
320698
548202
920692
626386
691206
115504
883397
692484
341584
985867
368959
942606
281277
216064
334071
433018
632546
811338
208566
73073
441457
423607
441328
49841
218303
73776
451360
544734
318577
469781
113340
770927
921155
298630
86682
410121
593908
673407
877791
593129
286673
245147
118047
541434
150685
219001
464407
314118
750042
680764
746498
883913
87863
385324
190555
401249
708246
972410
41648
555170
381241
76128
201696
488839
692104
70439
361841
449923
112385
454210