880563
365649
199702
475233
229389
501922
194300
464259
530881
802268
47994
8592
753698
18710
20189
608743
369070
434809
326627
855109
191980
148865
786420
665040
355630
908816
48494
177024
582710
994991
540446
119723
991285
66658
87242
695659
237167
231206
360362
585645
292922
210441
572216
635737
763684
957286
891421
822105
956852
24764
618442
971208
687433
225514
482536
880377
871456
265034
849575
674081
701169
752359
506995
834978
979384
224220
786629
53493
482705
502090
76950
9778
937340
697077
382766
517247
607489
781116
818522
403219
335469
895027
646587
467750
780986
673119
231291
583543
776588
977933
983195
930425
43864
496079
235304
466907
323679
535188
605581
905267
866392
373027
426817
951878
34348
454004
266528
646262
214299
202731
417048
421640
527228
236785
567674
740497
924001
561201
815600
927678
571225
997804
159182
903292
523471
439098
857665
201738
423375
911582
40676
779353
857129
674820
941489
105372
450350
149273
605204
973426
140503
398983
906587
257134
164934
68300
98634
646847
160868
529206
753804
688065
970089
667965
318275
67743
854393
996797
512064
741794
360940
246414
375054
962395
638502
453505
117353
579689
547045
236090
836620
560616
188442
846629
449384
945782
397870
918678
656176
354659
363621
980801
598929
362932
687840
40274
689408
630548
801276
495339
1835
285336
223128
872568
991313
206061
383669
93359
417197
759585
341430
419497
805069
646730
334598
244248
566466
748823
677784
493861
696816
84209
662410
345575
332677
354125
539939
55809
581127
527057
91515
353624
501829
992480
852794
416943
526959
779588
695096
927266
73858
984439
499332
761020
716699
720206
447424
353525
52973
398595
166697
92427
803086
714013
617397
280763
595947
420414
568085
561436
321948
812041
53722
55513
438483
384685
413556
249545
392237
642643
140309
658029
117675
600032
224436
653637
147450
470887
929069
57679
356526
410607
155525
69021
904910
247067
200972
874961
915976
374204
193691
93432
804037
284464
985597
144705
383703
485044
483370
393241
195919
62094
403438
103524
755116
313936
366377
852953
976173
199561
597679
371962
454792
876494
522767
113007
377971
657312
70449
340926
286367
985466
330521
78761
790276
506234
665992
689765
867927
121065
510017
479410
304537
349097
696297
432667
585673
439738
104200
829644
501114
204968
395500
507787
294207
290389
818476
927573
146434
694623
971210
677654
809140
63661
943602
385155
177502
87579
80031
993816
363607
386496
664669
778729
538510
876568
654441
627111
104519
961235
267124
243506
383459
563065
952006
536085
80727
954296
773824
854883
695359
971915
593850
370603
140619
394057
149066
510874
153943
784648
902886
970606
867737
200236
220897
179731
936308
347791
9105
401052
494377
34510
197970
157023
356013
851054
38243
522541
811605
351466
919597
803564
669229
461722
12708
610259
933929
237569
694854
966658
345523
961843
614849
281596
203875
220513
200945
726146
106445
378115
260487
444877
801267
695520
319301
50407
693531
943549
163621
909222
495676
680544
761114
154950
831122
889343
545710
803554
732497
135946
629514
35727
143797
866386
826004
943189
726968
110869
580147
585675
647517
295079
675950
28814
817706
972861
660466
314525
29939
491865
194738
106452
163728
743246
447593
69764
477168
51823
195579
381611
311111
476696
671993
340437
251683
685848
363011
342158
9308
292218
340360
773762
639722
637166
126057
544884
349777
500377
250876
257879
904503
155318
214765
43660
665494
90919
96062
642745
407884
869980
610478
802242
337167
748894
834936
368743
312703
385209
467378
786618
184020
661188
950742
112571
433334
1806
990814
245330
806124
691559
245256
558760
524076
515656
659577
930466
609552
491936
962558
941370
838442
13436
11565
783356
159342
944273
781674
512987
758030
39465
304902
818029
949539
983848
279297
395914
665286
624699
740208
115580
490943
511900
529594
35235
966869
63619
407036
780520
155268
592556
915021
23324
185933
258689
672667
312876
818343
845413
920372
944579
737043
749533
70241
124156
133517
33690
899052
18306
219870
177575
35907
780167
382415
492907
189877
703709
438776
646620
561241
890868
529398
62145
655374
256305
959099
322081
366876
889575
185086
393805
748217
223028
232980
20999
271848
663995
885015
306894
890428
646457
515650
329991
670779
608582
517023
598794
716253
860970
134743
792325
640884
436890
714857
702929
792357
616590
8694
458511
397972
958656
386360
363262
351006
904386
876563
20509
455423
8124
589636
998199
456469
322178
605686
111312
931452
886798
375667
949290
684439
552927
472823
493364
560688
506413
478624
240336
245303
322631
331266
600448
82407
160011
776152
694956
283590
753218
330261
902546
780683
792917
733080
5002
1561
803952
702077
487669
347754
123314
973776
944194
754311
615886
482332
966044
500595
380225
637218
561524
237032
898352
200869
262694
783417
254877
776226
170506
442198
535749
435933
759130
69358
873818
102103
708411
702895
627352
350300
190058
701673
453574
691576
629572
531280
555468
695498
321137
986272
637291
981424
470958
428379
87836
501346
307574
912046
832457
164251
132237
481138
449250
384049
123561
419085
690590
384838
880637
349177
469519
740439
855523
201181
695263
200817
531109
712151
514412
29700
175976
890075
22718
602128
57717
929269
297825
255740
221157
513002
760356
812933
639593
155965
518124
162643
515315
608653
782581
75816
205829
286555
814247
988337
321364
750058
469265
771903
729112
773631
12612
271311
244019
257800
689486
777285
998075
549529
179026
839928
151782
333777
284161
844006
156369
145627
724343
511496
604397
69136
450548
362113
574406
599098
339381
200816
814193
800820
455150
808292
884306
781805
906855
968367
349384
892363
621168
841747
535221
893548
447810
491482
361517
315079
550708
749570
575994
931889
71895
286868
867785
711804
150254
797845
892726
847418
121165
412694
226607
983519
326796
957542
54343
711556
991976
506600
869785
312328
559224
487423
877911
661969
264967
470053
87086
793456
649682
928283
457496
26915
385567
651579
930749
870963
65336
410729
215302
139966
44547
275176
321409
703183
659007
508105
330282
148585
436189
561597
604444
565475
496824
177100
178132
477101
305779
480287
715613
510768
627950
639863
919646
839892
494692
159296
818492
972763
764773
80640
876013
697066
95850
328618
56155
94888
128730
304271
910960
723391
243352
734324
201220
770048
128199
21310
509473
588323
452571
746250
951599
786795
989533
923481
392961
375464
314747
925800
925370
802582
719497
448350
941853
747619
246936
666911
286193
333006
105521
234302
480973
444203
647535
79119
328837
609155
60726
507226
973553
362840
629523
930155
233302
596806
168306
418118
448116
538500
84982
432823
476204
760010
256441
63560
665675
467597
868896
578700
522615
847142
667417
687641
346676
474448
952756
200595
506452
552848
884443
501282
774457
656431
841711
571781
689416
779555
100801
728576
933164
852428
634730
484273
57988
901722
404424
448641
261482
669451
122773
318582
748577
55762
875237
265188
686490