711059
854076
988291
711011
418891
389833
5724
806765
256973
774659
437598
214328
150247
608223
13581
317981
202147
354795
376794
709112
586409
824650
48845
195056
115074
428877
855134
708772
679479
505002
262436
781235
127448
785627
691301
511144
857432
741141
509004
342401
953238
147171
455992
796250
645815
943967
217649
765755
957806
583053
608245
209786
489373
371412
65521
313486
546965
847706
526923
577394
350010
71483
118236
424178
629890
521061
663355
658710
978140
896082
351732
231080
61997
10211
13144
865826
55029
699414
139502
928057
286672
727844
414983
635648
121049
449978
594031
875579
310249
637585
766527
393601
184317
277164
923856
958284
194933
997166
611402
494305
515705
366613
588378
134166
482294
544343
220546
766789
231878
293463
980746
434252
649646
387332
265300
406909
747905
455631
775501
551977
758305
723910
543232
293700
654437
785042
963076
846005
323990
873545
285718
39357
654164
193393
799105
272129
436950
57938
673977
476021
697551
369399
731080
718951
649387
75841
148960
469862
784568
944487
573391
809805
151138
697933
775632
765551
487895
867776
959741
898976
491529
701004
386082
738654
742417
261306
913710
270811
545009
33002
249539
765800
536370
259144
648236
347583
964972
495214
470062
875821
170084
434518
792823
201626
17231
923386
881139
543094
216629
995146
676478
491202
230577
473161
262324
373113
864789
24901
83811
488601
195882
51633
194914
262609
967765
420257
509051
359880
605460
543969
605187
237703
84584
905649
528523
587973
811917
976417
491631
359566
469093
101637
769931
562959
858995
655958
347278
335552
655618
378661
501734
377006
639974
541180
904859
300964
695834
809491
406200
529717
929864
642540
97571
387817
329960
511820
437262
198786
588288
905942
109766
791786
230985
923141
513513
59130
228594
182149
965877
298729
99710
355439
202235
452943
544520
498144
410162
771925
647527
261812
479591
191932
273452
927140
549266
462342
887432
410362
987973
275588
546379
180140
964157
61245
430919
595549
809371
543800
213139
890988
327596
926247
864235
813110
974436
722672
651445
30767
616234
766616
743134
969496
513549
403726
438563
792413
51220
187026
655468
352399
340146
905408
562194
420665
968728
377213
945665
126241
518821
380093
186489
416541
862329
492078
361774
105998
609447
652036
318672
880382
771528
567266
186213
286802
468652
222114
340817
237292
991212
105921
528120
325151
43291
435434
45946
470159
168347
818397
28445
709221
16587
537212
108809
652013
772318
830386
730348
875340
774535
784576
425086
310497
5712
727590
334878
151094
108299
381354
905371
43299
236191
44039
457488
504319
4932
759285
263783
633028
903113
560401
58686
527614
292434
479082
380902
917424
960224
455591
962823
889924
288393
677016
413666
843820
359302
206359
896303
862233
298283
373851
733029
788759
208817
931289
889304
742019
443183
438742
184956
831274
491624
870670
198471
719936
531325
680186
561333
350458
140547
398274
116837
391304
506607
162495
312737
432434
203182
270187
382459
576526
499218
258088
918290
244507
985574
409385
346164
979262
238690
344257
949085
351830
469370
802054
501278
382782
273680
190306
851673
647838
261771
145910
608681
587310
591871
349418
313630
123081
214987
318677
372709
511786
997378
92038
637255
23749
576513
767341
187656
481412
460448
647273
669551
508956
542340
235631
312934
384460
799440
859155
222519
735538
759035
430263
38646
552010
894397
882637
424574
828547
712675
93258
972243
866944
197570
675369
567335
162472
873736
758040
99896
63594
36269
200515
791574
479888
997641
40380
157570
18815
248832
609924
980594
920329
954008
505145
67634
339375
184363
169179
713700
921206
94008
292028
528296
550884
785235
949828
847894
404951
748797
96222
794664
818947
597134
949955
557493
571910
862030
131169
399448
502698
646820
307303
107439
551926
448806
336240
54144
987057
27279
571977
915701
801844
567822
986529
705736
174891
401531
708428
905402
936168
786148
452020
856188
124259
786310
603932
353777
982802
386648
709010
422475
477153
762368
321585
620946
552015
536297
314000
964547
282917
76780
248011
340181
159826
540267
58987
238679
625384
89533
479157
532084
401069
747267
576844
862937
213855
873177
333955
34413
123528
475881
785155
69247
156025
609753
556437
512254
2918
120804
747790
174561
323550
895878
954452
561895
986533
841873
794320
943352
547439
900573
70322
83819
338043
539996
892123
140705
579914
315468
765356
962510
16059
442437
371113
597784
576389
497266
689097
450775
603152
786012
13916
125757
868272
761058
433817
863631
18495
929733
139779
54161
23061
206304
519352
964225
703015
16693
341206
307065
359289
175266
581386
773559
606273
412210
566966
381434
496410
685263
423294
352003
149921
693398
968560
611643
66864
445763
316174
657203
130037
610379
53945
820997
382254
687241
507003
907866
585731
728528
56944
348997
95807
352607
770002
275149
701036
898738
864672
191881
329611
460789
856491
811555
921197
725971
883773
729470
368305
84845
534950
879092
992091
705063
39716
749880
470476
510684
305838
386139
951268
123057
357853
688106
554481
770951
549496
2932
271314
413002
571674
127209
824684
501415
88770
918365
633800
429850
811895
298092
868680
920293
325206
495032
262276
203036
217593
784718
918086
668765
128710
844967
377502
501726
494545
550090
714978
380255
485871
945743
26629
111998
194776
639422
683602
8489
684408
868693
621190
750189
956690
876136
840072
611565
219153
110051
139270
259119
648365
648747
800749
538577
44214
548835
112132
67801
888257
1675
529574
530154
707308
508738
741082
195217
944334
886892
539729
744063
924160
508334
299835
48594
793027
442454
665926
74380
624141
458520
735860
391844
130675
898163
498071
569723
710388
322035
864044
734247
505183
193679
794962
324268
343074
31218
301669
209097
551537
859223
743419
288174
73743
675661
789883
849483
971260
447962
473749
720579
881531
646844
947105
911423
862463
429770
845080
292063
289842
863546
594089
858508
624801
787900
657721
599337
608582
58818
155322
583016
271411
572323
23974
134393
795865
407445
726297
900636
741235
791384
206985
840919
908050
694386
137187
450180
413765
20949
834754
287362
183140
926428
974798
515212
940218
171892
946223
147110
984076
268504
863789
138675
780682
584948
188006
620196
127505
43627
289707
28107
193691
937460
296119
258125
899780
408799
805004
435382
177849
323638
391404
128295
263743
619902
300465
466858
470749
661341
456329
881190
202984
49813
606290
831022
163241
291118
850766
597491
568044
678514
9475
239898
217512
991762
416114
286377
422406
526886
552113
533722
166416
956050
498855
666898
676471
994180
647908
156075
708417
751961
194331
279341
235789
804319
757309
946204
274116
311989
851058
585131
765342
412815
204726
689422
980046
81494
228622
346605
243979
608108
62118
972788
152316
532045
915849
355783
941312
427857
971260
624787
256535
646414
508279
934272
50864
254170
961217
531075
805519
565486
829927
949007
796314
17510
99480
724203
868545
45732
694176
437279
586633