403085
593060
864807
196388
364241
315019
264280
955802
872088
704560
699672
838601
428113
804295
260647
315401
195988
444021
89103
352505
913960
432935
140401
332268
210526
363023
188729
888242
975642
918589
332403
139710
211186
171350
817975
453753
221806
276275
124544
575202
138735
890008
32539
382623
628013
909775
293371
76069
163481
549152
892585
552321
806305
279536
162456
861825
432722
484020
119383
470337
607575
256848
680543
514133
320863
131664
796748
25168
832257
429737
711471
992105
923053
314340
717926
383492
568242
125984
439364
96888
32318
274601
627973
47838
604073
645635
335924
886009
747375
467483
58683
891584
191241
834399
102793
716601
63782
766441
783134
900929
695307
887702
277110
332648
841924
908725
823311
165625
62917
368155
270425
221079
983203
253588
559034
381378
249768
578164
750651
967225
431062
684555
519634
269114
427259
16502
687692
215141
483629
777810
937239
56382
873827
328396
671465
427473
376240
525076
847889
228976
554269
314864
454552
241240
581217
615149
475475
321330
534591
217712
423624
607989
367613
669226
778875
281896
271548
52906
655764
598853
264633
78796
148910
535162
310495
222095
805054
485321
838214
311109
825182
778447
676556
791651
873077
143009
601870
221752
644549
38162
88836
790779
238545
188561
384502
857277
238121
895663
451039
453821
221651
779711
559901
672090
18648
958422
194577
446371
937832
279346
2073
408522
838890
81527
240487
36920
337765
417364
154046
482554
53892
140101
270409
697304
189065
435825
701784
809158
801809
738291
39927
565748
898175
742582
531885
583616
909576
579897
461262
363787
138651
886578
99069
7849
800363
555214
45442
428530
872730
928855
742852
594357
201859
28463
88995
445965
447460
308857
381620
69515
615335
732567
334426
889746
668875
68173
892989
576834
594420
15812
128618
148365
427851
442475
800711
546213
677715
576312
961329
378262
438538
110477
497972
877296
713015
535733
838758
741852
954646
319565
440736
524175
60446
643391
769946
889437
506348
6378
933538
963493
820557
906462
658041
422763
704557
593923
866634
593603
369367
684633
989192
488808
938407
416345
629475
430700
128148
882555
690854
690378
534996
161041
694640
61847
135147
183120
367820
481495
527252
907247
295280
56428
116746
342440
119631
627881
775347
869212
231643
594629
61930
862419
140507
329579
732007
519265
179940
269231
388621
688548
478135
218970
794129
581673
748407
86118
319682
769710
224453
466821
525816
38850
715898
6235
99677
157129
642688
219533
69523
713756
142925
815153
585345
435597
327933
507749
882302
315144
4043
328251
77016
400148
956012
65938
312576
403449
170185
430272
376086
39228
948247
324075
693069
697350
35412
861751
440443
245475
344095
662937
684672
122661
481717
529931
834128
887721
460292
939864
975390
90545
462701
80279
901158
354033
739163
503476
589719
236965
360315
704169
953948
396703
720727
780365
616454
449247
657234
596163
363544
905626
287106
90771
889902
808221
4325
964181
316682
393867
745218
418697
58940
111554
861022
340804
418094
61340
779799
176901
447113
922385
570464
331366
195144
419450
272729
260654
465175
436912
271114
775171
387559
403091
336252
857148
639249
931559
153140
992533
541796
169112
450765
635388
219021
310366
666224
234248
805218
258299
907315
96265
149387
667106
585676
730874
726541
716978
484784
147027
135796
398047
612493
707131
434845
139506
977248
402331
411933
918246
499571
526478
180369
118708
38199
307508
406340
360489
887610
963750
682038
726706
40324
809604
886415
876666
687252
123753
102624
676074
902578
916672
289233
264783
869297
169840
797357
815002
582083
202675
546439
452544
175224
790020
547975
335554
819157
631607
639252
431431
818253
512162
331936
266340
878303
663161
38475
198718
147723
804472
988916
695175
909298
638777
125987
444004
157833
717413
504204
809647
188153
194823
614017
810328
869591
702076
764536
735846
722363
292615
652403
782940
873343
375809
843730
888182
200214
857709
286321
743890
490310
880490
606015
656748
231299
153921
921949
291778
678826
596510
381806
623894
755287
415964
573441
50514
815971
499897
882008
672837
846333
928553
340373
555084
757540
680390
431232
904844
838974
461028
53303
519707
443992
698627
136435
666942
198779
939421
687986
974669
942567
595488
712006
472691
158831
889398
965178
94226
56496
345343
656476
721475
474479
955872
679660
848826
892494
166133
443679
45576
615723
732834
210640
655867
466838
321415
941124
287968
274348
362834
433496
401257
608788
51950
451978
389545
53078
856984
566688
433531
884691
263379
641080
375747
457957
562674
478382
584204
9875
202258
135907
435793
400881
53034
663792
97303
612114
755643
484071
37751
852971
719521
161282
278906
977414
924044
601131
582365
209119
707848
923623
375091
247007
808695
537824
818794
995506
480801
408077
616293
553607
252450
645760
731977
847588
482562
751052
768468
413603
67362
641424
578535
878861
723793
695333
306148
577681
889342
580768
717490
272096
704904
793092
11485
870953
31857
517383
834651
330092
827698
706623
79722
214909
657064
214889
88404
22999
25644
843350
238100
80987
510720
78451
41939
119268
653284
239923
104779
310023
442057
858843
4557
607340
603869
240809
531229
155971
559109
470754
112891
777126
341609
901623
572733
374665
931752
616787
697495
810080
491949
17924
240765
714446
765273
912899
526623
320645
692192
124450
574995
366206
730416
554769
209553
853334
906571
388684
354583
470788
167925
974181
211245
251251
235593
172201
955331
162240
546343
795506
260086
821714
27464
704265
731569
378384
317938
831733
248752
636163
535302
443108
670112
22346
228855
125813
403299
759796
941333
365344
608047
180798
763655
636867
558294
124712
248664
992905
699552
258102
23912
809721
545684
823680
343363
502041
346710
227062
84238
592380
381418
223028
34269
814895
979862
340990
699426
295164
285286
667160
741185
456153
391945
500165
982719
580209
885209
453466
511960
670732
75832
992765
101871
856669
202774
866175
548192
36712
331790
391252
847153
493710
579568
692907
555624
5750
380442
164334
504374
898074
79423
238488
716433
488875
935753
106669
680543
463330
410139
731099
997582
229668
55023
673195
664192
150481
822623
956900
710756
339946
359615
884092
196896
715164
677543
862971
119402
154669
780558
565551
109814
35074
521489
832774
543306
837067
997460
646667
529709
378507
837183
297920
331517
802823
660970
74708
317408
494859
802195
213761
379155
333139
979276
464196
804638
560221
490354
163834
641960
509129
581399
558548
620454
594217
98369
196087
912367
142763
667020
421043
502828
587232
42602
957725
705579
659496
195339
807498
221394
30268
297047
337131
575792
901144
242136
838080
968239
182467
852981
929850
116006
117308
748953
265842
374603
564035
666419
277759
943942
304065
446550
575735
432928
446292
288192
217030
538970
485115
723703
783268
949466
740891
71439
365494
101376
487340
573577
401603
237208
568835
828822
895377
91048
578684
534841
893915
570216
297283
903370
749938
45073
534848
701910