277038
523982
723549
507428
117518
918735
67188
852115
72819
283133
201498
856670
816054
798536
278915
821634
738977
629787
168976
25334
24337
58353
202364
776793
133990
983937
565406
655722
299364
368085
689371
841968
522281
906233
71020
438906
272715
142670
364936
183169
798349
388990
51374
737449
625086
189833
11601
2342
307951
576446
683679
693308
996687
38214
805552
913054
821221
237531
465672
152376
73448
710678
822537
483721
66110
625317
404024
643239
14224
590171
984937
160678
998470
930273
126410
497428
956900
75402
684746
803739
235392
808325
983076
318858
642655
436108
641837
601068
673656
635380
982936
865876
533975
818811
763331
138752
257942
52083
752783
291248
244601
7757
528423
44273
789482
867299
894657
812539
439566
575714
139396
331753
586546
249299
97156
452117
379620
120772
582120
821391
648222
965911
589421
489210
905758
805862
633027
90564
314193
586962
957653
483456
961837
704231
177510
930018
882270
516717
994327
958038
317080
615566
624133
379453
392843
216223
415247
515397
776629
53836
808437
915363
595601
427621
424540
403376
176109
316735
885678
246814
848153
585992
953502
163349
873979
86379
705929
696622
778624
880028
915064
299594
648237
965952
66562
313104
732115
150012
569422
120963
532705
975001
772534
526460
477715
41745
172424
433032
349321
426041
34406
8864
436914
72522
929357
190209
702759
995149
235890
213416
480724
973091
665224
414764
831953
55406
269343
484343
788751
861344
622502
268194
908013
791454
33617
607917
842474
348688
635925
387992
835381
379976
985296
492640
204385
342604
148039
302617
77300
342914
8775
27300
844574
266295
778284
79630
882183
849547
395328
171333
351489
72893
12027
189880
2141
487247
604392
329674
527705
605077
137321
190770
995831
134944
179601
119154
860649
468801
82991
428081
663464
441852
237866
740067
815691
201736
501061
896788
449867
288585
238287
173807
236743
683888
502359
926069
760544
360417
828967
778213
993558
650981
358123
323921
808245
783755
389480
688014
641182
984170
589341
526469
519793
255041
989685
273062
343188
305215
995877
417149
991843
714142
908840
733661
190708
591337
299989
529272
915461
614303
931929
41040
430533
900400
636887
615368
684539
28772
611801
58964
832599
647515
625905
206991
870995
333487
932080
458476
400070
789301
924162
263748
486085
970851
820261
330637
846326
104971
262788
940139
63538
949445
588020
788320
66518
736236
797578
708000
487207
113790
198422
482560
719391
97127
185217
416076
547224
902487
387262
242807
414164
680847
4080
197101
762599
619196
707864
98821
134018
886202
322873
367186
448988
956985
308171
887513
220926
896957
262167
146588
303596
128191
111093
535573
344619
372913
405152
156094
363635
405535
322419
10381
754931
647217
913539
989246
456188
33165
239448
742600
45323
188057
827720
778993
312502
879454
832114
999229
591217
632264
824212
96450
226109
635978
163722
969239
651183
878110
153572
264299
248729
1450
749666
53489
747607
978814
273358
549497
611319
485306
610742
417114
383238
488653
262213
524812
519091
124952
381182
104210
478243
192752
137748
953300
163536
180610
636904
602635
241118
283217
410143
996885
72636
490588
308575
846376
639859
374171
433639
133731
262735
572199
192776
200832
125990
617401
434820
121318
600585
204362
944066
639643
89735
149658
363946
332695
917273
164685
684451
940723
939373
342639
983206
552000
786770
502296
177727
995701
164668
909675
608928
385920
799029
205816
5666
131005
15265
344706
738905
45444
333228
506394
278866
921245
441746
580842
651948
370191
813322
937486
986320
546325
681872
463964
41870
986098
910989
5572
148309
347676
375846
746451
332943
365075
7646
527058
727959
511125
274217
268171
845464
660650
762638
495659
529859
534426
985399
152259
130284
74047
697304
191976
840706
202165
593594
91835
113961
781805
44707
466499
510390
771681
210596
603638
811142
757282
164479
221655
499707
199501
419122
711353
634516
829148
861988
813985
331624
945816
635371
483913
281535
799340
936184
445761
855373
212373
489056
426224
513676
612918
594695
459705
166645
198665
226603
354361
945690
883823
255818
307308
293795
71720
397042
500783
779939
461341
506723
190304
724118
338586
589090
444001
442041
160154
332061
471740
241670
108539
46454
857185
71563
891729
945070
730378
911590
688854
131567
100671
905439
149119
114101
970357
597346
595050
719002
206482
801879
685811
696958
868236
456992
962469
31312
727535
70382
514125
9979
329085
995200
913451
273391
184943
392314
480770
105610
455578
585438
434127
970915
625901
368297
317462
849523
128407
628684
125783
821089
744389
739910
799904
998313
809545
686618
93116
727528
944918
75506
983177
636038
154600
842704
358439
424256
785408
284077
88780
24272
276237
295344
207925
624316
391398
694156
360375
64633
722356
864374
122292
166329
442285
97538
997480
779480
833531
964249
957091
920990
282427
593497
948497
289394
711009
591945
723829
882140
364792
428151
510965
25205
561159
576689
619022
960366
655951
351964
936551
495609
734386
101812
695492
861911
533038
701792
459025
217279
114054
649585
815262
504104
868865
274935
663466
566451
342795
567936
338648
754040
208698
23982
455359
943660
56172
621748
525405
685612
714444
244653
605931
273000
288179
380952
624075
500847
464171
670644
866077
338
677902
197236
560882
755064
197773
308320
791768
273534
688972
648392
128596
783432
503979
772644
599022
706537
601760
350285
637542
15275
553536
353618
676356
256315
605916
376184
609037
264244
347336
746450
663570
316614
64567
737784
345250
152643
157698
281127
63455
417158
319751
320117
594350
492480
704110
351983
491976
871456
333959
645649
314478
554654
691983
699297
71801
955365
47506
163688
542031
986395
544234
318990
681074
153998
183589
113489
848882
821628
150725
129762
954307
880895
581088
720156
190953
772435
483688
99425
11087
833477
855621
432787
32952
256955
78238
653996
160204
427354
908471
458939
529364
62231
425141
879932
116417
204894
202492
692242
580263
23704
368121
763619
286919
203613
879484
861392
431881
958390
605628
382671
112648
735629
87167
889064
16648
304371
499729
538120
308547
891534
914545
295109
380768
932061
361996
552431
910917
796458
214049
636175
591171
795339
637891
72383
502256
175124
658301
875622
296083
581148
508303
47246
331127
399914
956887
496995
636578
131005
49419
666762
528352
770549
409507
589851
402872
245153
795987
19453
807104
163174
417782
948509
95692
245576
880390
960266
918338
16856
847048
146736
228873
54395
772677
35568
864032
413074
639922
680728
389835
623755
809713
614276
946535
351236
690672
120272
108383
666007
88752
658040
961591
974022
433632
458703
244166
222852
201255
181721
881409
347230
583937
272069
609329
908164
825729
631946
82822
978104
898420
931612
133126
112210
371622
314763
137758
68333
684798
582521
229977
875826
866308
523254
207726
169279
973251
618554
735411
419699
43338
851262
747632
764760
149772
848439
713423
55726
393063
460847
80879
142544
355906
903042
509143