840789
800639
481352
221747
820939
893414
500555
784269
69130
414733
807782
153172
412510
143860
536482
17988
214121
732980
697957
149631
886331
329408
694947
78166
947609
321022
441525
340214
431648
49020
260994
924593
986500
857552
623001
190312
230513
217809
799713
142739
694034
526699
622376
974125
965487
286755
776279
408958
209137
39336
291783
414406
421953
55058
838252
357763
218703
359802
911087
167968
381935
573940
108442
848314
786205
895341
36013
493967
2209
549790
77389
897925
200269
855274
726812
431445
550756
431450
161508
122642
6421
569586
465196
883290
62436
240304
255213
749912
633386
477984
159326
307378
762803
256671
594412
409494
504581
821482
713734
263964
278592
893218
689108
396248
321825
183582
845831
137024
181536
301933
9163
605236
672890
725223
838042
497134
482825
174574
693034
951879
805070
95878
951558
446754
666833
180878
438587
81274
870688
17883
772968
7492
268531
876336
54969
148736
175408
408155
797677
181858
27913
598830
581650
315095
383555
946329
924563
296374
964754
251489
745384
88580
178848
143359
950251
760164
319917
226967
261899
264729
320337
745299
132057
472313
382748
260508
480320
254001
864158
442549
735442
691055
695362
700340
815165
480880
337109
338589
399708
983526
215973
213532
437289
472388
267972
372831
474897
892650
68716
146638
878624
632552
922236
268328
644251
51697
401697
130811
71149
515550
76688
665983
893625
514651
618223
836752
741774
404274
422419
989895
214905
831474
387428
949492
422835
222523
821981
571769
154363
17577
517488
302085
22271
829723
252998
991852
787956
955103
613796
510304
420613
897148
63529
77071
647143
312411
630068
120664
405515
506962
443170
71210
585645
777486
251765
521084
112330
250013
857616
834915
860718
322390
261790
393427
632619
978661
439571
867124
197798
337399
116810
427232
422987
58046
256078
378103
624608
487009
812533
83488
21239
536644
158821
790556
730429
346671
448570
644232
994032
4125
490560
670639
404718
886628
509915
785353
158312
730683
52422
358357
301621
259245
344312
504014
727939
709913
713890
313484
552296
413091
37397
34938
209239
870139
818305
65840
63278
728456
956441
399533
401707
198832
695378
748722
480063
504711
562825
789309
289787
998033
296964
162593
765607
24245
467857
31871
34801
184449
665418
938723
603331
416596
74554
994237
858157
73644
26394
854585
170305
231565
148148
528190
960382
235338
866281
351488
434724
31795
51022
708419
224103
617755
506672
359277
78014
994436
958840
567237
896346
175529
942506
78158
641076
729832
138503
411578
612735
494667
200915
45901
141757
342962
974513
342672
994286
251806
240682
48109
741986
608988
611660
641710
7280
16268
385391
58381
973759
586317
993363
13815
297153
757446
991973
262306
353280
33300
353568
363207
924433
660171
166416
780414
171749
263403
345842
706486
514877
509409
254392
137677
429374
797174
773545
600146
630554
34712
67684
765652
350446
908739
49476
62886
970411
610380
330015
919347
280427
620426
723049
765688
890405
739105
534903
299746
193340
948844
543965
275844
850929
314374
661496
184628
11065
753718
216967
545475
498474
656885
993780
828184
221455
64988
314737
380905
260378
5615
861118
431765
283897
534592
533446
802144
491841
229377
608553
936523
101447
112106
962645
614223
178830
596483
487757
839286
992666
285070
888588
511959
971043
897941
118914
629804
996965
384139
900605
508177
305044
899874
450467
479835
359277
845416
615452
47571
653352
225566
69516
921358
43786
795800
264126
183274
825750
958154
526684
365223
395811
811444
909402
749023
343113
661100
257395
252323
932853
676357
638220
472116
280796
920217
648308
832027
438541
995448
268941
322469
799838
943789
322500
944831
848712
938217
315003
239338
374927
510799
472905
869978
822425
919963
755991
12209
897825
107952
408235
566483
776707
639484
426305
242405
483639
941706
249557
258727
471963
155299
364862
532972
619944
827298
879156
536434
553799
412371
218098
540898
641916
567303
16438
693541
989760
117303
431078
227872
299181
611219
764557
141582
712531
871334
29634
769913
956072
941159
423593
572757
113371
230942
176531
435513
810633
909232
656897
616763
973193
574346
992838
896230
387554
252582
803210
598298
870492
850685
227498
953345
254899
286537
573757
101161
920808
549621
429618
449283
336051
607204
810133
727799
554323
814043
420528
871650
191877
690700
705038
932077
849363
382912
417051
685515
836483
323104
258343
116751
852657
81183
63241
694503
838519
394119
746848
830073
437256
684895
174517
616216
964188
62903
87164
912803
994309
398928
928890
894714
704353
857770
714560
662110
690792
446698
419157
157732
161317
518952
177586
569878
341122
190803
442598
789862
663548
64705
285850
660304
143285
622871
732719
501131
598568
475474
988611
900523
325303
928111
629011
268502
97376
481085
216826
393888
128654
577213
246232
54854
478028
575795
312334
857732
26068
56332
373925
28179
684165
699179
9422
342787
604212
472594
427396
733872
838745
262249
957581
842980
419626
120814
638496
504969
375942
87098
918753
817865
312263
432940
600712
272452
3194
769396
206431
469741
43947
195326
44330
54594
913369
241528
63840
79718
973768
463874
727064
723036
706422
569265
955007
222946
599461
711808
602310
273960
160023
146516
177880
142891
52440
603883
134729
200435
238837
120032
895754
620069
289098
307805
836504
542981
669561
739933
248566
695692
713655
583388
281039
200802
704
927838
230909
285049
742379
342425
210279
704773
802968
434369
195652
913371
905541
656366
331327
34789
155584
129451
23091
151744
650551
759261
200597
836722
805995
134030
94449
500171
993859
656405
245389
544279
744637
765540
538474
786429
568511
558126
473256
190583
618380
454451
866953
447150
939986
298153
226958
383921
501535
243144
364861
180306
366772
590194
770116
94045
468658
461118
789239
321462
842609
321632
255670
778702
308208
964342
827114
998081
981990
196593
81518
51983
186231
506462
831498
191926
541570
954768
200730
329640
691223
230700
929741
375406
305606
819793
947337
130713
287954
575970
888428
68512
944389
353585
853678
938907
367901
789513
25506
607515
306596
594968
587227
187044
316509
981047
50667
735112
352218
917080
343303
782753
173099
324171
861574
465578
427569
341549
183688
120122
196944
583917
226228
78687
736642
361724
495577
530899
313801
963793
74678
421149
830397
638550
218197
96839
575747
781170
298769
634103
731166
449140
56057
227885
409823
888984
234317
511768
108920
145722
115173
56149
519855
558612
808113
26053
187246
418869
981339
384393
107703
981505
280009
484381
826356
14175
417598
864782
118252
389635
114336
514457
480402
918232
811668
828322
951544
656649
585861
822286
131745
551980
556292
40701
399731
522123
805386
484839
256203
977
465560
507346
39723
149710
782463
903277
12750
501287
80380
576844
818588
677405
502331
988481
863609
917880
850620
887379
958456
653519
540115
120158
50158
416055
832649
366727
300129
840518
982241
667865
103518
339842
471349
527681
1321
385643